#DHT22 humidity
32.40
33.20
34.80
36.80
38.90
41.50
44.60
47.60
50.40
53.10
55.50
57.70
59.80
61.90
63.80
65.50
67.10
68.50
69.90
71.10
72.20
73.10
74.00
74.80
75.50
76.20
76.80
77.50
78.00
78.40
78.90
79.30
79.60
79.90
80.20
80.50
80.80
81.10
81.30
81.50
81.70
81.80
82.00
82.10
82.20
82.30
82.40
82.50
82.60
82.60
82.80
82.90
83.00
83.00
83.10
83.10
83.20
83.20
83.20
83.30
83.30
83.30
83.30
83.30
83.40
83.40
83.40
83.40
83.50
83.60
83.60
83.60
83.60
83.60
83.60
83.60
83.60
83.60
83.70
83.70
83.70
83.80
83.80
83.80
83.80
83.80
83.90
83.90
83.90
83.90
83.90
83.90
83.80
83.90
83.90
83.80
83.90
83.90
83.90
83.90
83.90
83.90
83.90
83.80
83.80
83.80
83.80
83.80
83.80
83.70
83.80
83.80
83.80
83.70
83.70
83.70
83.70
83.70
83.60
83.60
83.60
83.50
83.50
83.50
83.50
83.50
83.60
83.50
83.50
83.50
83.50
83.40
83.40
83.40
83.40
83.40
83.40
83.40
83.40
83.30
83.30
83.30
83.30
83.40
83.30
83.30
83.30
83.20
83.20
83.20
83.20
83.20
83.20
83.10
83.10
83.10
83.10
83.00
83.00
83.00
83.00
83.00
83.00
83.00
82.90
82.90
82.90
82.90
82.80
82.80
82.80
82.80
82.80
82.70
82.80
82.70
82.70
82.60
82.60
82.60
82.60
82.50
82.50
82.40
82.40
82.40
82.30
82.30
82.30
82.30
82.20
82.20
82.10
82.10
82.20
82.20
82.20
82.10
82.10
82.10
82.00
82.00
82.00
82.00
81.90
81.80
81.80
81.80
81.80
81.70
81.70
81.70
81.70
81.60
81.70
81.70
81.60
81.60
81.60
81.60
81.60
81.50
81.50
81.50
81.40
81.40
81.40
81.40
81.30
81.30
81.20
81.20
81.20
81.20
81.10
81.10
81.20
81.20
81.20
81.10
81.10
81.10
81.10
81.10
81.00
81.00
81.00
81.00
81.00
80.90
80.90
80.90
80.90
80.80
80.80
80.80
80.70
80.70
80.70
80.70
80.70
80.70
80.70
80.60
80.60
80.60
80.50
80.60
80.50
80.40
80.40
80.40
80.30
80.30
80.30
80.20
80.20
80.20
80.10
80.10
80.20
80.10
80.10
80.00
80.00
80.00
79.90
79.80
79.80
79.80
79.70
79.70
79.60
79.60
79.60
79.60
79.50
79.50
79.50
79.40
79.40
79.30
79.30
79.30
79.20
79.20
79.20
79.10
79.10
79.10
79.20
79.10
79.10
79.10
79.00
79.00
78.90
78.90
78.90
78.90
78.80
78.80
78.70
78.70
78.70
78.60
78.60
78.60
78.60
78.60
78.50
78.50
78.50
78.50
78.40
78.40
78.40
78.40
78.40
78.40
78.30
78.30
78.40
78.30
78.30
78.30
78.30
78.30
78.30
78.20
78.20
78.20
78.20
78.10
78.10
78.10
78.00
77.80
77.80
77.80
