#DHT22 humidity
33.80
35.20
36.40
37.60
38.70
39.70
40.90
41.90
42.80
43.60
44.40
45.00
45.70
46.20
46.70
47.10
47.60
47.90
48.30
48.60
48.80
49.20
49.30
49.50
49.80
50.00
50.20
50.30
50.50
50.70
50.70
50.90
51.00
51.10
51.20
51.30
51.40
51.50
51.60
51.70
51.70
51.80
51.90
51.90
52.00
52.10
52.10
52.20
52.30
52.30
52.30
52.40
52.40
52.50
52.50
52.60
52.60
52.70
52.70
52.80
52.80
52.80
52.90
52.90
52.90
53.00
53.00
53.10
53.10
53.20
53.20
53.20
53.20
53.30
53.30
53.30
53.30
53.40
53.40
53.40
53.40
53.40
53.40
53.50
53.50
53.50
53.50
53.50
53.60
53.60
53.60
53.60
53.70
53.70
53.70
53.70
53.70
53.80
53.80
53.80
53.80
53.80
53.90
53.90
53.90
53.90
53.90
53.90
53.90
53.90
54.00
53.90
54.00
54.00
54.00
54.10
54.10
54.10
54.10
54.10
54.10
54.00
54.00
54.10
54.10
54.20
54.10
54.10
54.10
54.10
54.10
54.20
54.20
54.20
54.20
54.20
54.20
54.20
54.20
54.20
54.30
54.30
54.30
54.30
54.30
54.40
54.40
54.40
54.40
54.40
54.40
54.40
54.40
54.40
54.50
54.50
54.50
54.50
54.50
54.50
54.50
54.50
54.50
54.60
54.60
54.60
54.60
54.60
54.60
54.60
54.60
54.70
54.70
54.70
54.70
54.70
54.70
54.70
54.70
54.70
54.70
54.70
54.80
54.80
54.80
54.80
54.70
54.80
54.80
54.70
54.70
54.80
54.70
54.80
54.70
54.80
54.80
54.80
54.80
54.80
54.90
54.80
54.80
54.80
54.80
54.80
54.80
54.80
54.90
54.90
54.90
54.90
54.90
54.90
54.90
54.90
54.90
54.90
54.90
54.90
54.90
55.00
55.00
55.00
54.90
55.00
55.00
55.00
55.00
55.00
55.00
55.00
55.00
55.00
55.00
55.00
55.00
55.00
55.00
55.00
55.00
55.10
55.10
55.10
55.10
55.10
55.10
55.10
55.10
55.10
55.10
55.10
55.10
55.10
55.10
55.00
55.10
55.10
55.20
55.10
55.20
55.20
55.20
55.20
55.20
55.20
55.20
55.10
55.10
55.20
55.20
55.20
55.20
55.20
55.30
55.30
55.30
55.30
55.30
55.30
55.30
55.20
55.20
55.20
55.20
55.40
55.20
55.20
55.20
55.30
55.30
55.20
55.30
55.30
55.30
55.30
55.30
55.30
55.30
55.30
55.30
55.30
55.30
55.30
55.30
55.30
55.40
55.40
55.40
55.40
55.40
55.40
55.40
55.40
55.40
55.40
55.40
55.40
55.40
55.50
55.50
55.50
55.50
55.50
55.50
55.50
55.50
55.50
55.50
55.50
55.50
55.60
55.60
55.60
55.60
55.60
55.60
55.60
55.60
55.60
55.60
55.60
55.60
55.60
55.70
55.70
55.70
55.70
55.70
55.70
55.70
55.70
55.70
55.70
55.70
55.70
55.70
55.80
55.70
55.70
