#DHT22 humidity
32.10
32.20
33.10
34.60
36.40
38.00
39.40
41.00
42.40
43.70
44.90
45.90
46.80
47.70
48.30
49.00
49.60
50.20
50.70
51.10
51.50
51.80
52.10
52.40
52.70
52.90
53.20
53.40
53.50
53.80
54.00
54.10
54.20
54.40
54.50
54.60
54.70
54.80
54.80
54.90
55.00
55.00
55.10
55.20
55.20
55.20
55.30
55.30
55.30
55.40
55.40
55.40
55.50
55.50
55.50
55.50
55.60
55.70
55.70
55.70
55.70
55.80
55.80
55.80
55.80
55.70
55.90
55.90
55.90
55.90
56.00
56.00
56.00
56.00
56.00
56.10
56.00
56.00
56.00
56.10
56.10
56.00
56.10
56.10
56.10
56.10
56.10
56.30
56.20
56.20
56.30
56.20
56.20
56.30
56.30
56.30
56.30
56.30
56.30
56.30
56.40
56.40
56.40
56.40
56.40
56.40
56.40
56.40
56.40
56.40
56.50
56.40
56.50
56.50
56.50
56.50
56.50
56.50
56.50
56.50
56.50
56.50
56.50
56.50
56.50
56.50
56.50
56.50
56.50
56.50
56.50
56.50
56.50
56.50
56.50
56.50
56.50
56.50
56.50
56.50
56.50
56.50
56.50
56.50
56.50
56.50
56.50
56.50
56.50
56.50
56.50
56.50
56.50
56.50
56.60
56.50
56.60
56.60
56.60
56.50
56.60
56.50
56.60
56.60
56.50
56.50
56.70
56.70
56.70
56.60
56.60
56.60
56.60
56.60
56.70
56.70
56.70
56.70
56.70
56.70
56.70
56.70
56.80
56.80
56.80
56.80
56.80
56.80
56.80
56.80
56.80
56.90
56.90
56.90
56.90
56.90
56.90
56.90
57.00
57.00
57.00
57.00
57.00
57.00
57.00
57.00
57.00
57.00
57.10
57.00
57.10
57.10
57.10
57.10
57.10
57.10
57.10
57.10
57.10
57.10
57.10
57.10
57.10
57.10
57.10
57.10
57.10
57.10
57.10
57.20
57.20
57.20
57.20
57.20
57.20
57.20
57.20
57.20
57.20
57.20
57.20
57.20
57.20
57.20
57.20
57.30
57.30
57.20
57.20
57.30
57.30
57.30
57.30
57.30
57.30
57.30
57.30
57.30
57.30
57.30
57.30
57.30
57.30
57.30
57.30
57.30
57.20
57.30
57.30
57.30
57.30
57.40
57.40
57.40
57.40
57.40
57.30
57.40
57.30
57.30
57.30
57.30
57.40
57.30
57.40
57.40
57.30
57.30
57.50
57.30
57.30
57.30
57.30
57.40
57.50
57.30
57.30
57.40
57.40
57.30
57.40
57.40
57.50
57.50
57.50
57.50
57.40
57.60
57.50
57.40
57.50
57.50
57.40
57.50
57.50
57.50
57.50
57.50
57.40
57.60
57.40
57.40
57.50
57.50
57.40
57.40
57.50
57.50
57.50
57.50
57.50
57.40
57.50
57.50
57.50
57.50
57.40
57.50
57.40
57.40
57.50
57.40
57.40
57.50
57.50
57.50
57.50
57.50
57.50
57.50
57.40
57.40
57.40
57.40
57.50
57.50
57.50
57.50
57.50
57.50
