#DHT22 humidity
31.40
31.10
31.20
31.50
31.80
32.10
32.40
32.60
32.80
33.00
33.20
33.40
33.60
33.70
33.80
34.00
34.10
34.20
34.20
34.30
34.40
34.50
34.60
34.70
34.80
34.80
34.90
34.90
35.00
35.00
35.00
35.00
35.10
35.10
35.10
35.10
35.10
35.20
35.20
35.20
35.20
35.20
35.20
35.20
35.20
35.30
35.30
35.20
35.30
35.30
35.30
35.30
35.30
35.30
35.30
35.30
35.30
35.30
35.20
35.30
35.20
35.30
35.30
35.20
35.30
35.30
35.30
35.30
35.30
35.20
35.30
35.20
35.30
35.30
35.20
35.20
35.20
35.20
35.20
35.20
35.20
35.20
35.20
35.20
35.20
35.10
35.20
35.10
35.10
35.10
35.00
35.00
35.00
35.00
35.00
35.00
35.00
35.00
35.00
35.00
35.00
35.00
35.00
35.00
35.00
34.90
34.90
34.90
34.90
34.90
34.90
34.90
34.90
34.90
34.90
34.90
34.90
34.90
34.90
34.90
34.90
34.90
34.90
34.90
34.90
34.80
34.80
34.80
34.80
34.80
34.80
34.80
34.80
34.80
34.80
34.80
34.80
34.80
34.80
34.80
34.80
34.80
34.80
34.80
34.80
34.80
34.80
34.80
34.80
34.80
34.80
34.80
34.80
34.90
34.90
34.80
34.90
34.90
34.90
34.90
34.90
34.90
34.90
34.90
34.90
34.90
34.90
34.90
34.90
34.90
34.90
34.90
34.90
34.90
34.90
34.90
34.90
34.90
34.90
34.90
34.90
34.90
34.90
34.90
34.90
34.90
34.90
34.90
34.90
34.90
34.90
34.90
34.90
34.90
34.90
34.90
34.90
34.90
34.90
34.90
34.90
34.90
34.90
34.90
35.00
34.90
35.00
35.00
34.90
34.90
35.00
35.00
35.00
34.90
34.90
35.00
34.90
34.90
34.90
34.90
34.90
34.90
35.00
34.90
35.00
35.00
34.90
35.00
35.00
34.90
35.00
35.00
35.00
35.00
35.00
35.00
35.00
35.00
35.00
35.00
35.00
35.00
34.90
35.00
35.00
35.00
35.00
34.90
34.90
34.90
34.90
34.90
34.90
34.90
34.90
34.90
34.90
34.90
34.90
34.90
34.90
34.90
34.90
34.90
34.90
34.90
34.90
34.90
35.00
34.90
34.90
34.90
34.90
34.90
34.90
34.90
34.90
34.90
34.90
34.90
34.90
34.90
34.90
34.90
34.90
34.90
34.90
34.90
34.90
34.90
34.90
34.90
34.90
34.90
34.90
34.90
34.90
34.90
34.90
34.90
34.90
34.90
34.90
34.90
34.90
34.90
34.90
34.90
34.90
34.90
34.90
34.90
34.90
34.90
34.90
34.90
34.90
34.90
34.90
34.90
34.90
34.90
34.90
34.90
34.90
34.90
34.90
34.90
34.90
34.90
34.90
34.90
34.90
34.90
34.90
34.90
34.90
34.90
34.90
34.90
34.90
34.90
34.90
34.90
35.00
34.90
34.90
35.00
35.00
34.90
35.00
35.00
35.00
35.00
35.00
35.00
35.00
35.00
35.00
35.00
