#DHT22 humidity
33.40
33.20
33.20
33.20
33.60
33.90
34.30
34.60
34.70
35.00
35.10
35.30
35.40
35.50
35.60
35.70
35.80
35.90
36.00
36.10
36.10
36.20
36.20
36.20
36.30
36.30
36.30
36.30
36.30
36.40
36.40
36.40
36.40
36.40
36.40
36.40
36.40
36.40
36.40
36.40
36.40
36.40
36.40
36.30
36.30
36.30
36.30
36.30
36.30
36.20
36.20
36.30
36.30
36.30
36.20
36.20
36.20
36.20
36.20
36.10
36.10
36.10
36.00
36.00
36.00
36.00
36.00
35.90
35.90
35.90
35.90
35.90
35.80
35.80
35.80
35.80
35.80
35.80
35.80
35.70
35.70
35.70
35.70
35.70
35.70
35.60
35.60
35.60
35.60
35.60
35.60
35.50
35.50
35.50
35.50
35.50
35.50
35.50
35.50
35.40
35.40
35.40
35.40
35.40
35.40
35.40
35.40
35.40
35.40
35.30
35.30
35.30
35.30
35.30
35.30
35.30
35.30
35.30
35.30
35.30
35.30
35.30
35.30
35.30
35.30
35.30
35.30
35.30
35.30
35.30
35.30
35.30
35.20
35.20
35.20
35.20
35.20
35.20
35.20
35.20
35.20
35.20
35.20
35.20
35.20
35.20
35.20
35.20
35.20
35.20
35.20
35.20
35.20
35.20
35.20
35.20
35.20
35.20
35.20
35.20
35.20
35.20
35.20
35.20
35.20
35.20
35.20
35.30
35.30
35.30
35.30
35.30
35.30
35.30
35.30
35.20
35.20
35.20
35.30
35.20
35.30
35.20
35.30
35.30
35.30
35.30
35.30
35.30
35.30
35.30
35.30
35.30
35.30
35.30
35.40
35.30
35.40
35.40
35.40
35.40
35.40
35.40
35.40
35.40
35.40
35.40
35.40
35.40
35.40
35.50
35.50
35.50
35.50
35.50
35.50
35.50
35.50
35.50
35.50
35.50
35.50
35.50
35.60
35.50
35.60
35.60
35.60
35.60
35.60
35.60
35.60
35.60
35.60
35.60
35.60
35.60
35.60
35.50
35.50
35.50
35.50
35.60
35.60
35.60
35.60
35.60
35.60
35.60
35.60
35.60
35.60
35.60
35.60
35.70
35.70
35.70
35.70
35.70
35.70
35.70
35.70
35.70
35.70
35.70
35.70
35.70
35.70
35.70
35.70
35.70
35.80
35.70
35.70
35.80
35.80
35.80
35.80
35.80
35.80
35.80
35.80
35.80
35.80
35.80
35.80
35.80
35.80
35.80
35.80
35.90
35.80
35.90
35.90
35.90
35.90
35.90
35.90
35.90
35.90
35.90
36.00
35.90
36.00
36.00
35.90
36.00
36.00
36.00
36.00
36.00
36.00
36.00
36.00
36.00
36.00
36.00
36.00
36.00
36.00
36.00
35.90
36.10
36.00
36.10
35.90
36.00
36.10
36.10
36.10
36.00
36.10
36.00
36.00
36.00
36.00
36.10
36.00
36.00
36.00
36.00
36.00
36.00
36.00
36.00
36.00
36.00
36.00
36.00
36.00
36.00
36.00
36.00
36.00
36.00
36.00
36.00
36.00
36.00
36.00
36.00
