#DHT22 humidity
32.90
33.30
33.50
33.70
33.90
34.10
34.20
34.40
34.50
34.60
34.70
34.80
34.80
34.90
35.10
35.10
35.20
35.20
35.30
35.30
35.30
35.40
35.40
35.50
35.50
35.50
35.50
35.60
35.60
35.70
35.70
35.70
35.70
35.70
35.70
35.70
35.70
35.70
35.70
35.80
35.70
35.70
35.80
35.70
35.70
35.70
35.70
35.80
35.70
35.80
35.70
35.70
35.80
35.80
35.80
35.80
35.80
35.80
35.70
35.70
35.70
35.70
35.70
35.70
35.70
35.70
35.70
35.70
35.70
35.70
35.70
35.70
35.70
35.70
35.70
35.70
35.70
35.70
35.70
35.70
35.70
35.70
35.70
35.70
35.70
35.70
35.70
35.70
35.70
35.70
35.70
35.60
35.70
35.60
35.60
35.60
35.60
35.60
35.60
35.60
35.60
35.60
35.60
35.60
35.60
35.60
35.60
35.60
35.60
35.60
35.60
35.70
35.60
35.70
35.60
35.60
35.60
35.70
35.70
35.70
35.70
35.70
35.70
35.70
35.70
35.70
35.70
35.70
35.70
35.70
35.70
35.70
35.70
35.70
35.70
35.70
35.70
35.70
35.70
35.70
35.70
35.70
35.70
35.70
35.70
35.70
35.70
35.70
35.70
35.70
35.70
35.70
35.70
35.70
35.70
35.70
35.70
35.70
35.70
35.70
35.70
35.70
35.70
35.70
35.70
35.70
35.70
35.70
35.70
35.70
35.70
35.70
35.70
35.70
35.70
35.70
35.70
35.70
35.70
35.70
35.70
35.70
35.70
35.70
35.70
35.70
35.70
35.70
35.70
35.70
35.70
35.70
35.70
35.80
35.70
35.70
35.80
35.80
35.80
35.80
35.80
35.70
35.80
35.80
35.80
35.80
35.80
35.80
35.80
35.80
35.80
35.80
35.80
35.80
35.80
35.80
35.80
35.80
35.70
35.80
35.80
35.80
35.80
35.80
35.80
35.80
35.80
35.80
35.80
35.80
35.80
35.80
35.80
35.70
35.80
35.80
35.80
35.80
35.80
35.80
35.80
35.80
35.80
35.70
35.70
35.70
35.70
35.80
35.80
35.70
35.80
35.80
35.80
35.80
35.80
35.80
35.80
35.80
35.80
35.80
35.80
35.80
35.80
35.80
35.80
35.80
35.80
35.70
35.80
35.70
35.80
35.80
35.80
35.80
35.80
35.80
35.80
35.80
35.90
35.80
35.80
35.80
35.80
35.80
35.80
35.80
35.80
35.80
35.80
35.80
35.80
35.80
35.80
35.80
35.80
35.80
35.90
35.90
35.90
35.90
35.90
35.90
35.90
35.90
35.90
35.90
35.90
35.90
35.90
35.90
35.90
35.90
35.90
35.90
35.90
35.90
35.90
35.90
35.90
35.90
35.90
35.90
35.90
35.90
35.90
35.90
36.00
36.00
36.00
36.00
36.00
36.00
36.00
36.00
36.00
36.00
36.00
36.00
36.00
36.00
36.00
36.10
36.00
36.00
36.00
36.00
36.00
36.00
36.00
36.00
36.00
36.00
36.00
36.00
36.00
36.00
36.00
36.00
36.00
36.00
