#DHT22 humidity
32.70
32.60
32.60
32.50
32.40
32.40
32.80
33.30
33.90
34.30
34.60
34.90
35.10
35.30
35.50
35.60
35.80
35.80
35.90
36.00
36.00
36.00
36.10
36.10
36.10
36.10
36.10
36.20
36.10
36.10
36.10
36.00
36.00
35.90
35.90
35.80
35.80
35.80
35.70
35.70
35.60
35.60
35.50
35.40
35.40
35.30
35.30
35.20
35.20
35.20
35.10
35.10
35.00
35.00
34.90
34.80
34.80
34.70
34.70
34.60
34.60
34.50
34.50
34.40
34.40
34.40
34.30
34.20
34.20
34.20
34.10
34.10
34.10
34.00
34.00
33.90
34.00
33.90
33.80
33.90
33.80
33.80
33.80
33.80
33.80
33.70
33.70
33.70
33.70
33.60
33.60
33.60
33.50
33.50
33.50
33.50
33.50
33.40
33.30
33.40
33.30
33.30
33.30
33.40
33.30
33.30
33.20
33.20
33.20
33.20
33.20
33.20
33.10
33.10
33.10
33.10
33.10
33.10
33.10
33.10
33.00
33.00
33.00
33.00
33.00
33.00
33.00
33.00
33.00
33.00
33.00
33.00
33.00
33.00
33.00
33.00
32.90
32.90
32.90
32.90
32.90
32.90
32.90
32.90
32.90
32.90
32.90
32.90
32.90
32.90
32.90
32.90
32.90
32.90
32.90
32.90
32.90
32.90
32.80
32.80
32.80
32.80
32.80
32.80
32.80
32.80
32.80
32.80
32.90
32.80
32.90
32.80
32.80
32.90
32.90
32.90
32.90
32.90
32.90
32.90
32.90
32.90
32.90
32.90
32.90
32.90
32.90
32.90
32.90
32.90
32.90
32.90
33.00
33.00
33.00
33.00
33.00
33.00
33.00
33.00
33.00
33.00
33.00
33.00
33.00
33.00
33.00
32.90
32.90
33.00
32.90
33.00
33.00
32.90
32.90
33.00
33.00
32.90
33.00
33.00
33.00
32.90
33.00
33.00
33.00
33.00
33.00
33.00
33.00
33.00
33.00
33.00
33.00
33.00
33.00
33.00
33.00
33.00
33.00
33.00
33.00
33.10
33.00
33.10
33.10
33.10
33.10
33.10
33.10
33.10
33.10
33.10
33.10
33.10
33.10
33.10
33.10
33.20
33.20
33.20
33.20
33.20
33.20
33.20
33.20
33.20
33.20
33.30
33.20
33.20
33.30
33.30
33.20
33.30
33.30
33.20
33.20
33.30
33.30
33.30
33.20
33.30
33.30
33.30
33.30
33.30
33.40
33.20
33.40
33.40
33.30
33.40
33.30
33.30
33.30
33.30
33.40
33.30
33.30
33.30
33.30
33.30
33.30
33.30
33.30
33.30
33.30
33.30
33.30
33.30
33.30
33.30
33.30
33.30
33.30
33.30
33.30
33.30
33.30
33.30
33.30
33.30
33.30
33.40
33.30
33.30
33.30
33.30
33.40
33.30
33.30
33.40
33.30
33.30
33.30
33.30
33.30
33.30
33.40
33.30
33.40
33.40
33.30
33.40
33.30
33.40
33.40
33.40
33.40
33.40
33.40
33.40
33.40
33.40
33.40
33.40
33.40
33.40
33.40
33.40
