#DHT22 humidity
33.10
32.90
33.10
33.60
34.00
34.20
34.50
34.70
34.90
35.00
35.20
35.30
35.40
35.50
35.50
35.60
35.70
35.70
35.70
35.70
35.70
35.70
35.70
35.70
35.70
35.60
35.60
35.50
35.50
35.40
35.40
35.40
35.30
35.30
35.20
35.20
35.10
35.10
35.00
35.00
34.90
34.80
34.80
34.70
34.70
34.70
34.70
34.60
34.60
34.50
34.40
34.40
34.30
34.30
34.30
34.20
34.20
34.10
34.10
34.10
34.00
34.00
34.00
33.90
33.90
33.90
33.80
33.80
33.80
33.70
33.70
33.70
33.60
33.60
33.60
33.60
33.60
33.50
33.50
33.50
33.50
33.50
33.50
33.40
33.40
33.40
33.40
33.40
33.30
33.30
33.30
33.30
33.30
33.30
33.30
33.30
33.30
33.30
33.30
33.30
33.20
33.20
33.20
33.20
33.20
33.20
33.20
33.20
33.20
33.20
33.20
33.20
33.20
33.10
33.20
33.20
33.10
33.10
33.10
33.10
33.10
33.10
33.10
33.10
33.10
33.10
33.10
33.10
33.10
33.10
33.10
33.10
33.10
33.10
33.10
33.10
33.10
33.10
33.10
33.10
33.10
33.10
33.10
33.10
33.10
33.10
33.10
33.10
33.10
33.10
33.00
33.10
33.20
33.20
33.20
33.10
33.20
33.20
33.10
33.10
33.10
33.10
33.10
33.10
33.10
33.10
33.10
33.10
33.10
33.10
33.10
33.10
33.10
33.10
33.10
33.20
33.20
33.20
33.20
33.20
33.20
33.20
33.20
33.20
33.20
33.20
33.20
33.20
33.20
33.20
33.20
33.20
33.20
33.20
33.30
33.30
33.30
33.30
33.30
33.30
33.20
33.20
33.20
33.30
33.20
33.30
33.30
33.30
33.30
33.30
33.30
33.40
33.30
33.30
33.30
33.30
33.30
33.30
33.30
33.30
33.40
33.40
33.40
33.40
33.40
33.40
33.40
33.40
33.40
33.40
33.40
33.40
33.40
33.40
33.40
33.40
33.40
33.40
33.40
33.40
33.40
33.40
33.40
33.40
33.40
33.50
33.50
33.50
33.50
33.50
33.50
33.50
33.50
33.50
33.50
33.50
33.50
33.50
33.50
33.50
33.50
33.50
33.50
33.50
33.50
33.50
33.50
33.50
33.50
33.50
33.50
33.50
33.50
33.50
33.50
33.50
33.50
33.50
33.50
33.50
33.50
33.50
33.50
33.50
33.60
33.50
33.50
33.60
33.60
33.60
33.60
33.60
33.60
33.60
33.60
33.60
33.60
33.60
33.60
33.60
33.60
33.60
33.60
33.60
33.60
33.60
33.60
33.60
33.60
33.60
33.70
33.70
33.70
33.70
33.60
33.70
33.70
33.70
33.70
33.70
33.70
33.70
33.70
33.60
33.70
33.60
33.70
33.70
33.60
33.60
33.70
33.60
33.70
33.70
33.70
33.70
33.60
33.60
33.70
33.60
33.60
33.70
33.70
33.70
33.70
33.70
33.70
33.70
33.70
33.70
33.70
33.70
33.70
33.70
33.70
33.70
33.70
33.70
33.70
33.70
