Application: Tecan i-control				"Tecan i-control , 1.10.4.0"							
Device: infinite 200Pro				Serial number: 1007002018				Serial number of connected stacker:			
Firmware: V_3.14_03/10_InfiniTe (Apr 26 2010/11.18.37)				"MAI, V_3.14_03/10_InfiniTe (Apr 26 2010/11.18.37)"							

Date:	2/10/2016										
Time:	8:42:39 PM										


System				RADMAN-MARJORIE							
User				RADMAN-MARJORIE\Marjorie							
Plate				Greiner 96 Flat Bottom Transparent Polystyrol  [GRE96ft.pdfx]							
Plate-ID (Stacker)											

Wait (Plate)				On	Target Temperature: 30 °C						

Wait (Plate Temperature)				Valid Range: 29.5 - 30.5 °C							

List of actions in this measurement script:											
Kinetic											
Absorbance											
Shaking (Orbital) Duration:				5	s						
Shaking (Orbital) Amplitude:				3	mm						


Label: malyn											
Kinetic Measurement											
Kinetic duration				14:00:00							
Interval Time				0:30:00							
Mode				Absorbance							
Wavelength				600	nm						
Bandwidth				9	nm						
Number of Flashes				25							
Settle Time				0	ms																								
Start Time:	2/10/2016 9:05:47 PM																												

Error:	"Command: ""CHECK MTP.STEPLOSS""  Returned answer: ""ERR044: X-Trans at module MTP lost steps abs(4)>3""  "																												

Cycle Nr.	1	2	3	4	5	6	7	8	9	10	11	12	13	14	15	16	17	18	19	20	21	22	23	24	25	26	27	28	29
Time [s]	0	1800	3600	5400	7200.1	9000.1	10800.1	12600.1	14400.1	16200.1	18000.1	19800.1	21600.1	23400.1	25200.1	27000.1	28800.1	30600.1	32400.1	34200.1	36000.2	37800.2	39600.2	41400.2	43200.2	45000.2	46800.2	48600.2	50400.2
Temp. [°C]	30.5	30.5	30.2	30.1	30.5	30.1	30.1	30.2	30	30.3	30.3	30.1	30.2	30	30	30.2	30	30.2	30.2	30.1	30.3	30.2	30.3	30.1	30	30	30.3	30.1	30.1
A1	0.061299998	0.062600002	0.061700001	0.060699999	0.061299998	0.059999999	0.0603	0.060199998	0.059700001	0.059799999	0.059799999	0.059700001	0.059700001	0.0594	0.059300002	0.0592	0.0594	0.059900001	0.0601	0.059599999	0.060600001	0.060400002	0.0614	0.059799999	0.060699999	0.059900001	0.0603	0.059700001	0.061299998
A2	0.059500001	0.061500002	0.062100001	0.0614	0.061000001	0.060400002	0.059500001	0.059900001	0.0594	0.059900001	0.0601	0.0594	0.059099998	0.059700001	0.059799999	0.0601	0.059300002	0.0592	0.059099998	0.059799999	0.0594	0.0594	0.059500001	0.059799999	0.0601	0.059700001	0.059300002	0.059799999	0.0614
A3	0.060899999	0.0625	0.062199999	0.060199998	0.061099999	0.061500002	0.059900001	0.0612	0.060199998	0.060400002	0.060699999	0.060600001	0.060899999	0.060800001	0.060699999	0.0605	0.060699999	0.060400002	0.060600001	0.060400002	0.060400002	0.0603	0.060199998	0.060199998	0.060199998	0.060199998	0.060199998	0.060199998	0.0605
A4	0.062399998	0.062600002	0.064499997	0.0656	0.0647	0.0634	0.063900001	0.062899999	0.0634	0.063500002	0.063199997	0.061799999	0.062199999	0.0623	0.062199999	0.061999999	0.062100001	0.0623	0.0623	0.062199999	0.0623	0.062199999	0.061799999	0.061500002	0.061700001	0.0616	0.060899999	0.061700001	0.0623
A5	0.060400002	0.060699999	0.0603	0.061099999	0.0623	0.062399998	0.063699998	0.0625	0.061700001	0.061099999	0.0605	0.060199998	0.059500001	0.0592	0.0594	0.059599999	0.059700001	0.059900001	0.059999999	0.059999999	0.060400002	0.059700001	0.059700001	0.059700001	0.059599999	0.059599999	0.059500001	0.059599999	0.059599999
A6	0.0625	0.0614	0.062399998	0.062700003	0.062899999	0.063199997	0.063100003	0.063100003	0.062899999	0.063199997	0.063299999	0.063600004	0.0634	0.062899999	0.062799998	0.062899999	0.062600002	0.0625	0.062799998	0.063000001	0.062899999	0.062399998	0.0625	0.0625	0.0623	0.061999999	0.061900001	0.061900001	0.061900001
A7	0.058800001	0.0581	0.0579	0.0579	0.0581	0.0583	0.057700001	0.0581	0.057799999	0.057999998	0.0581	0.057999998	0.058400001	0.058200002	0.0583	0.058499999	0.058400001	0.058200002	0.058600001	0.058699999	0.0583	0.058600001	0.058600001	0.058200002	0.058800001	0.058400001	0.0583	0.058800001	0.059099998
A8	0.062399998	0.058600001	0.060899999	0.062199999	0.061500002	0.061500002	0.063000001	0.063000001	0.0634	0.063600004	0.060699999	0.0616	0.0623	0.060800001	0.0603	0.059799999	0.060699999	0.060400002	0.0605	0.060899999	0.0614	0.0612	0.061099999	0.061099999	0.061000001	0.061799999	0.060600001	0.060899999	0.060699999
A9	0.061099999	0.062199999	0.060400002	0.060899999	0.062399998	0.063000001	0.061700001	0.0623	0.0616	0.061500002	0.061900001	0.061299998	0.061500002	0.0614	0.060800001	0.060400002	0.060400002	0.0605	0.060800001	0.060800001	0.060800001	0.0612	0.061000001	0.061299998	0.061099999	0.061099999	0.0612	0.061099999	0.061000001
A10	0.0625	0.065899998	0.061099999	0.062799998	0.066299997	0.062700003	0.066299997	0.064099997	0.063100003	0.063199997	0.062600002	0.0634	0.062700003	0.062600002	0.061799999	0.062700003	0.063299999	0.062100001	0.065300003	0.065499999	0.061099999	0.064999998	0.064599998	0.060600001	0.0616	0.062600002	0.065200001	0.065200001	0.065800004
A11	0.059	0.060699999	0.061099999	0.0601	0.061799999	0.060699999	0.060199998	0.060600001	0.058600001	0.059300002	0.059999999	0.059900001	0.059900001	0.0594	0.0605	0.0605	0.060699999	0.060699999	0.0603	0.059700001	0.060199998	0.060199998	0.059999999	0.060199998	0.060400002	0.0601	0.059900001	0.059900001	0.059999999
A12	0.0581	0.0616	0.0612	0.059700001	0.0614	0.060600001	0.061099999	0.0614	0.0605	0.0605	0.0605	0.059700001	0.059700001	0.0605	0.0603	0.0603	0.060400002	0.0605	0.0603	0.0605	0.060400002	0.060699999	0.060800001	0.0603	0.059999999	0.060199998	0.059799999	0.059700001	0.059799999
B1	0.0691	0.069600001	0.069700003	0.069700003	0.069700003	0.069799997	0.070200004	0.07	0.069700003	0.069600001	0.069700003	0.069499999	0.069499999	0.069700003	0.069499999	0.069499999	0.069600001	0.069600001	0.069700003	0.069499999	0.069600001	0.069499999	0.069200002	0.069200002	0.0691	0.069300003	0.068999998	0.068999998	0.068700001
B2	0.068000004	0.068300001	0.068400003	0.068499997	0.068700001	0.068499997	0.068700001	0.068599999	0.068499997	0.068400003	0.068099998	0.0682	0.0682	0.068099998	0.068099998	0.068000004	0.068000004	0.068000004	0.068000004	0.067900002	0.068000004	0.067900002	0.0678	0.067599997	0.0678	0.0678	0.067699999	0.067699999	0.0678
B3	0.070500001	0.070600003	0.070600003	0.070600003	0.070699997	0.070799999	0.070900001	0.070299998	0.070600003	0.070500001	0.070600003	0.070299998	0.070600003	0.070699997	0.070600003	0.0704	0.070500001	0.070600003	0.070200004	0.0704	0.0704	0.070299998	0.070200004	0.070200004	0.070100002	0.070200004	0.070100002	0.070100002	0.07
B4	0.068999998	0.0691	0.068999998	0.069200002	0.069399998	0.069499999	0.069700003	0.069499999	0.069799997	0.069700003	0.069600001	0.069499999	0.069700003	0.069899999	0.07	0.07	0.07	0.069799997	0.07	0.069700003	0.069600001	0.069700003	0.069700003	0.069499999	0.069600001	0.069600001	0.069600001	0.069499999	0.069399998
B5	0.070100002	0.072099999	0.070100002	0.0704	0.073200002	0.070799999	0.070299998	0.070900001	0.070699997	0.070600003	0.0744	0.070600003	0.070900001	0.0748	0.070900001	0.070799999	0.071000002	0.070699997	0.070500001	0.070600003	0.070500001	0.0704	0.070299998	0.070299998	0.0704	0.0704	0.070600003	0.070299998	0.070299998
B6	0.080600001	0.080899999	0.081100002	0.081500001	0.081500001	0.081600003	0.082000002	0.082199998	0.082599998	0.082900003	0.082599998	0.082400002	0.082699999	0.082900003	0.083300002	0.0836	0.083700001	0.083499998	0.0836	0.0836	0.083499998	0.083300002	0.083099999	0.0832	0.0832	0.083499998	0.083400004	0.082999997	0.083300002
B7	0.070200004	0.070500001	0.070699997	0.0704	0.070500001	0.070699997	0.071199998	0.071199998	0.071000002	0.070900001	0.070799999	0.070799999	0.070900001	0.070500001	0.070500001	0.0704	0.070299998	0.070500001	0.070299998	0.07	0.070200004	0.069899999	0.069899999	0.07	0.07	0.069799997	0.070100002	0.069799997	0.069899999
B8	0.069300003	0.069700003	0.069899999	0.07	0.070200004	0.070299998	0.070200004	0.070299998	0.070100002	0.070699997	0.070600003	0.0704	0.0704	0.070500001	0.070799999	0.071000002	0.070900001	0.071000002	0.071000002	0.070900001	0.070900001	0.070900001	0.070799999	0.071000002	0.070799999	0.071000002	0.071000002	0.070900001	0.071000002
B9	0.07	0.069899999	0.070299998	0.070699997	0.070900001	0.070299998	0.070500001	0.071099997	0.071099997	0.071099997	0.070900001	0.071500003	0.071500003	0.071599998	0.070699997	0.0713	0.071500003	0.071900003	0.071900003	0.071800001	0.071400002	0.071400002	0.071800001	0.071900003	0.071500003	0.071599998	0.071599998	0.071699999	0.071900003
B10	0.0682	0.068499997	0.068599999	0.068999998	0.069300003	0.068999998	0.069300003	0.069799997	0.069300003	0.069200002	0.069499999	0.069799997	0.07	0.069899999	0.069899999	0.069899999	0.069799997	0.070100002	0.069899999	0.069899999	0.07	0.07	0.070200004	0.069899999	0.070200004	0.069899999	0.070299998	0.07	0.069899999
B11	0.068999998	0.068999998	0.068999998	0.069499999	0.069799997	0.069300003	0.07	0.069499999	0.069200002	0.069399998	0.069600001	0.069799997	0.07	0.069899999	0.070100002	0.070200004	0.070100002	0.070100002	0.070100002	0.07	0.070100002	0.069899999	0.069899999	0.070100002	0.069899999	0.069899999	0.07	0.069899999	0.069799997
B12	0.069399998	0.068999998	0.069700003	0.0691	0.069399998	0.069799997	0.069600001	0.069200002	0.0691	0.069200002	0.069399998	0.069300003	0.069300003	0.069399998	0.069499999	0.069600001	0.069499999	0.0691	0.069600001	0.069499999	0.069799997	0.069799997	0.069499999	0.069600001	0.069399998	0.069700003	0.0691	0.069399998	0.069499999
C1	0.066399999	0.068700001	0.068899997	0.068700001	0.069700003	0.070500001	0.071400002	0.071500003	0.071699999	0.0735	0.072999999	0.072700001	0.071599998	0.071900003	0.071699999	0.072999999	0.072400004	0.073799998	0.0726	0.074600004	0.072400004	0.073100001	0.0722	0.073299997	0.072800003	0.073799998	0.075599998	0.073899999	0.075099997
C2	0.072700001	0.077399999	0.082099997	0.085199997	0.087200001	0.087700002	0.087899998	0.089000002	0.089599997	0.090800002	0.091499999	0.093400002	0.0942	0.094899997	0.095899999	0.098200001	0.098899998	0.099600002	0.101599999	0.102499999	0.103699997	0.104900002	0.105300002	0.106799997	0.107900001	0.108900003	0.109800003	0.1118	0.112499997
C3	0.066299997	0.067400001	0.068400003	0.068899997	0.070299998	0.070699997	0.071400002	0.071800001	0.072300002	0.072400004	0.072800003	0.073399998	0.073399998	0.073600002	0.0735	0.073700003	0.073700003	0.073200002	0.073200002	0.073399998	0.073100001	0.072499998	0.0726	0.071999997	0.072400004	0.071699999	0.071400002	0.071400002	0.071400002
C4	0.070799999	0.079999998	0.090700001	0.093900003	0.095100001	0.097400002	0.097900003	0.097900003	0.098700002	0.100100003	0.100599997	0.102700002	0.1017	0.103399999	0.105300002	0.106299996	0.106700003	0.107299998	0.1087	0.110399999	0.111900002	0.112899996	0.113899998	0.114699997	0.115999997	0.1171	0.118199997	0.118500002	0.119999997
C5	0.0682	0.068700001	0.069399998	0.069200002	0.070200004	0.070600003	0.070600003	0.071199998	0.071500003	0.071500003	0.071500003	0.071500003	0.071500003	0.071400002	0.071500003	0.071400002	0.070900001	0.070699997	0.070699997	0.070500001	0.070799999	0.0704	0.070200004	0.070100002	0.070200004	0.070100002	0.0704	0.069899999	0.070100002
C6	0.064800002	0.0669	0.068899997	0.068099998	0.069200002	0.069399998	0.069200002	0.070299998	0.069600001	0.068999998	0.068999998	0.070500001	0.069399998	0.069899999	0.069899999	0.068999998	0.069499999	0.070100002	0.069700003	0.069600001	0.069300003	0.068800002	0.068800002	0.069399998	0.069499999	0.069799997	0.069499999	0.069399998	0.068899997
C7	0.063000001	0.064400002	0.0647	0.065200001	0.065499999	0.067299999	0.068899997	0.070600003	0.070799999	0.071400002	0.072099999	0.073399998	0.072700001	0.073600002	0.073700003	0.074299999	0.074000001	0.073600002	0.074100003	0.073200002	0.072800003	0.074500002	0.073399998	0.073600002	0.073100001	0.072499998	0.071800001	0.073399998	0.073600002
C8	0.073899999	0.075800002	0.077500001	0.079300001	0.080499999	0.081200004	0.081600003	0.0823	0.082800001	0.083499998	0.0836	0.084899999	0.085100003	0.086199999	0.086599998	0.088100001	0.088299997	0.089100003	0.089699998	0.090899996	0.091200002	0.091899998	0.091799997	0.092900001	0.093400002	0.093599997	0.0933	0.094099998	0.095100001
C9	0.065099999	0.071699999	0.078000002	0.082099997	0.083300002	0.0845	0.085699998	0.086499996	0.087399997	0.088799998	0.089500003	0.091399997	0.093000002	0.0942	0.094300002	0.095899999	0.096199997	0.096900001	0.098300003	0.100100003	0.100400001	0.101300001	0.1017	0.103	0.103699997	0.104199998	0.103699997	0.104199998	0.105599999
C10	0.084700003	0.086499996	0.088699996	0.090400003	0.090800002	0.090999998	0.090899996	0.0911	0.091600001	0.092100002	0.092500001	0.093999997	0.094599999	0.096299998	0.097599998	0.099399999	0.099100001	0.100500003	0.1017	0.103500001	0.104599997	0.105400003	0.106200002	0.107500002	0.109300002	0.109700002	0.1109	0.111699998	0.1127
C11	0.0704	0.071999997	0.072999999	0.074600004	0.076300003	0.078000002	0.079800002	0.080399998	0.081200004	0.082999997	0.083800003	0.086000003	0.086599998	0.088200003	0.089299999	0.090499997	0.091200002	0.093800001	0.094899997	0.097099997	0.099299997	0.100900002	0.102300003	0.104500003	0.106899999	0.109099999	0.111400001	0.114	0.116700001
C12	0.066600002	0.067100003	0.067400001	0.067699999	0.068099998	0.068099998	0.068899997	0.068300001	0.0682	0.068599999	0.068899997	0.068899997	0.068899997	0.0691	0.069200002	0.068899997	0.069200002	0.0682	0.067699999	0.069200002	0.069499999	0.068800002	0.068800002	0.068800002	0.068400003	0.068400003	0.068300001	0.068599999	0.0682
D1	0.0691	0.070200004	0.0713	0.071999997	0.072499998	0.072999999	0.073600002	0.074500002	0.075199999	0.076399997	0.078000002	0.078400001	0.079700001	0.080600001	0.081900001	0.082699999	0.084700003	0.085900001	0.086599998	0.0876	0.089299999	0.091300003	0.092799999	0.094599999	0.097000003	0.100100003	0.102399997	0.105300002	0.107900001
D2	0.975099981	0.991100013	1.020400047	1.013900042	1.014000058	1.008000016	1.002099991	1.033900023	1.015100002	1.010499954	1.02489996	1.021800041	1.011500001	1.020300031	1.01730001	1.008299947	1.031200051	1.023699999	1.034600019	0.999100029	1.018000007	0.987699986	0.994199991	0.987800002	1.001999974	1.00030005	0.983500004	0.986699998	0.995899975
D3	0.063600004	0.0669	0.069399998	0.070200004	0.071599998	0.072999999	0.072899997	0.073600002	0.074500002	0.074600004	0.075499997	0.074299999	0.0748	0.075900003	0.076200001	0.076499999	0.075499997	0.075400002	0.075900003	0.076300003	0.075800002	0.075300001	0.075800002	0.075800002	0.075800002	0.076899998	0.076899998	0.076700002	0.078400001
D4	0.070100002	0.069499999	0.070799999	0.073399998	0.073799998	0.073200002	0.073600002	0.070699997	0.072400004	0.071500003	0.072800003	0.073700003	0.073799998	0.074500002	0.074900001	0.0757	0.075599998	0.075000003	0.0757	0.075400002	0.075800002	0.0757	0.075499997	0.0757	0.075999998	0.076099999	0.076300003	0.075999998	0.076399997
D5	0.070100002	0.071400002	0.072899997	0.075000003	0.077200003	0.0792	0.081500001	0.083099999	0.084200002	0.085500002	0.086499996	0.086999997	0.087700002	0.089199997	0.0898	0.090400003	0.090800002	0.092699997	0.0933	0.094899997	0.096900001	0.098800004	0.101400003	0.1039	0.1065	0.109499998	0.111299999	0.114500001	0.115900002
D6	0.077799998	0.084799998	0.0889	0.0898	0.089699998	0.0902	0.092	0.0942	0.094499998	0.093999997	0.095100001	0.095200002	0.096699998	0.098800004	0.099200003	0.099600002	0.100599997	0.101999998	0.103200004	0.104199998	0.106200002	0.104800001	0.106200002	0.1074	0.109399997	0.111500002	0.111699998	0.113499999	0.115500003
D7	0.069499999	0.070900001	0.071599998	0.073100001	0.074000001	0.075900003	0.076399997	0.077699997	0.077	0.079599999	0.080499999	0.080200002	0.082000002	0.082099997	0.083300002	0.083999999	0.085600004	0.084799998	0.086599998	0.087300003	0.089900002	0.090099998	0.092299998	0.094899997	0.097199999	0.098200001	0.101000004	0.102899998	0.106299996
D8	0.068599999	0.073299997	0.080499999	0.086599998	0.089000002	0.0898	0.090400003	0.092100002	0.092200004	0.093800001	0.095200002	0.095600002	0.097000003	0.097999997	0.099399999	0.099699996	0.102200001	0.103600003	0.105800003	0.1061	0.107699998	0.109499998	0.110699996	0.111199997	0.112499997	0.114299998	0.1153	0.116499998	0.117799997
D9	0.067199998	0.068700001	0.069799997	0.071500003	0.073399998	0.074900001	0.076499999	0.078199998	0.079700001	0.081200004	0.0814	0.082000002	0.0832	0.083899997	0.085000001	0.085600004	0.087099999	0.088	0.090700001	0.090999998	0.092600003	0.093099996	0.094099998	0.098099999	0.1017	0.102600001	0.104500003	0.107600003	0.110699996
D10	0.076200001	0.083300002	0.088299997	0.088799998	0.090099998	0.090899996	0.093199998	0.096100003	0.097800002	0.099100001	0.101899996	0.102799997	0.103399999	0.105899997	0.107799999	0.108999997	0.1109	0.112599999	0.113799997	0.115000002	0.115999997	0.117700003	0.119499996	0.121299997	0.123000003	0.1241	0.125100002	0.126300007	0.127499998
D11	0.071400002	0.073100001	0.074000001	0.075000003	0.076499999	0.0779	0.079000004	0.081	0.082400002	0.083499998	0.0854	0.086099997	0.087300003	0.088299997	0.089400001	0.090599999	0.092399999	0.094300002	0.095700003	0.095600002	0.097900003	0.0999	0.101400003	0.104199998	0.106299996	0.108800001	0.110600002	0.1131	0.116300002
D12	0.077399999	0.079499997	0.080899999	0.081500001	0.082400002	0.082800001	0.084899999	0.0876	0.088200003	0.090099998	0.0911	0.091700003	0.092799999	0.093900003	0.095200002	0.097199999	0.0977	0.099399999	0.101199999	0.101300001	0.103699997	0.103799999	0.105800003	0.106399998	0.109200001	0.109700002	0.1109	0.111500002	0.113300003
E1	0.067000002	0.067599997	0.068499997	0.068300001	0.068700001	0.069799997	0.069700003	0.069300003	0.069200002	0.070299998	0.069700003	0.068400003	0.07	0.070200004	0.07	0.070799999	0.07	0.070200004	0.070500001	0.070600003	0.069399998	0.069300003	0.069399998	0.069499999	0.069399998	0.069200002	0.068800002	0.070100002	0.069700003
E2	0.0735	0.083099999	0.0902	0.094899997	0.096299998	0.095700003	0.097000003	0.096799999	0.098899998	0.098999999	0.100699998	0.101899996	0.102399997	0.104099996	0.107299998	0.107799999	0.109899998	0.111400001	0.112899996	0.116300002	0.118199997	0.120300002	0.121100001	0.121399999	0.123199999	0.124499999	0.125599995	0.127700001	0.129099995
E3	0.066200003	0.068899997	0.070500001	0.0713	0.071999997	0.073399998	0.074199997	0.074500002	0.075499997	0.075800002	0.076800004	0.078000002	0.0757	0.077100001	0.0779	0.077799998	0.0766	0.077100001	0.076899998	0.078000002	0.076700002	0.076499999	0.075000003	0.075599998	0.075400002	0.075499997	0.0757	0.075800002	0.074100003
E4	0.0788	0.086400002	0.087099999	0.0876	0.088399999	0.089599997	0.090599999	0.091200002	0.092200004	0.093000002	0.094300002	0.095799997	0.096000001	0.097099997	0.098399997	0.0995	0.100699998	0.101899996	0.103399999	0.104199998	0.105599999	0.107100002	0.108400002	0.109300002	0.111100003	0.112499997	0.113799997	0.114600003	0.115500003
E5	0.070200004	0.071199998	0.071999997	0.073899999	0.075099997	0.075900003	0.077	0.078299999	0.0792	0.080799997	0.081500001	0.082599998	0.084200002	0.084200002	0.0854	0.0858	0.088699996	0.088500001	0.089500003	0.090400003	0.092900001	0.094499998	0.096299998	0.0977	0.101099998	0.102499999	0.105400003	0.107699998	0.109999999
E6	0.068400003	0.068400003	0.068800002	0.069399998	0.068800002	0.069799997	0.069899999	0.069700003	0.070500001	0.070299998	0.069200002	0.070299998	0.070100002	0.070600003	0.070100002	0.0704	0.070100002	0.070600003	0.070500001	0.070500001	0.070699997	0.07	0.069700003	0.069600001	0.07	0.069700003	0.069799997	0.069700003	0.069700003
E7	0.067000002	0.067500003	0.067400001	0.068700001	0.068499997	0.0691	0.068400003	0.068099998	0.0682	0.068300001	0.068499997	0.0691	0.068899997	0.068700001	0.068899997	0.068999998	0.068999998	0.068999998	0.068800002	0.067699999	0.068899997	0.069399998	0.067699999	0.068899997	0.069700003	0.0691	0.069200002	0.068899997	0.068899997
E8	0.080399998	0.086599998	0.092299998	0.096199997	0.096199997	0.096900001	0.097800002	0.098399997	0.099200003	0.0999	0.100599997	0.100599997	0.103200004	0.102899998	0.105599999	0.108199999	0.108000003	0.108900003	0.109999999	0.112899996	0.114799999	0.116599999	0.117899999	0.119599998	0.120399997	0.122900002	0.123599999	0.125	0.126300007
E9	0.069700003	0.071099997	0.072300002	0.074299999	0.075199999	0.076899998	0.078299999	0.078599997	0.080499999	0.081	0.083099999	0.083700001	0.0845	0.085500002	0.0867	0.087700002	0.088100001	0.089699998	0.090400003	0.092100002	0.093000002	0.0942	0.096000001	0.0973	0.098499998	0.099600002	0.100299999	0.102899998	0.1039
E10	0.074199997	0.081500001	0.084200002	0.087399997	0.090700001	0.092600003	0.094999999	0.094899997	0.095799997	0.097400002	0.099699996	0.100599997	0.1017	0.103299998	0.103699997	0.104099996	0.105800003	0.107699998	0.108499996	0.110799998	0.112199999	0.114799999	0.115199998	0.115900002	0.116800003	0.120200001	0.122900002	0.123400003	0.123099998
E11	0.0726	0.0757	0.078299999	0.079899997	0.082199998	0.084399998	0.086999997	0.088200003	0.089599997	0.090800002	0.093500003	0.094599999	0.096799999	0.096799999	0.098300003	0.098800004	0.100500003	0.1021	0.103600003	0.104400001	0.105999999	0.107900001	0.109300002	0.110299997	0.111900002	0.113600001	0.115199998	0.1175	0.119499996
E12	0.077600002	0.082999997	0.087499999	0.088799998	0.090400003	0.092299998	0.094099998	0.094599999	0.0955	0.096500002	0.098800004	0.099699996	0.100900002	0.101000004	0.102799997	0.103699997	0.104699999	0.105300002	0.106299996	0.106799997	0.108800001	0.109899998	0.111699998	0.112800002	0.113700002	0.115000002	0.116300002	0.117899999	0.118699998
F1	0.0682	0.068400003	0.068499997	0.068700001	0.068999998	0.068800002	0.068899997	0.068800002	0.069200002	0.069300003	0.069499999	0.069399998	0.069200002	0.069700003	0.069799997	0.069600001	0.070200004	0.069899999	0.069200002	0.068499997	0.068300001	0.068700001	0.068499997	0.068700001	0.0691	0.068999998	0.069300003	0.069200002	0.068800002
F2	0.072300002	0.078299999	0.087300003	0.092699997	0.095700003	0.095200002	0.0964	0.095799997	0.095299996	0.097199999	0.097499996	0.099200003	0.0999	0.0995	0.102300003	0.103299998	0.104699999	0.1074	0.106799997	0.109499998	0.110600002	0.111100003	0.112099998	0.114200003	0.1149	0.115999997	0.116300002	0.119599998	0.1197
F3	0.070200004	0.071199998	0.0722	0.073100001	0.073899999	0.074600004	0.074699998	0.075499997	0.075599998	0.077100001	0.076499999	0.0779	0.0779	0.0788	0.079599999	0.081200004	0.079999998	0.0814	0.082900003	0.084600002	0.086300001	0.086999997	0.087200001	0.090499997	0.090499997	0.092500001	0.094899997	0.096900001	0.1008
F4	0.075499997	0.081100002	0.088399999	0.089500003	0.090800002	0.089699998	0.089699998	0.091499999	0.093000002	0.0942	0.095600002	0.096699998	0.097499996	0.098499998	0.100299999	0.102499999	0.103100002	0.104199998	0.1061	0.107299998	0.108400002	0.109399997	0.111100003	0.1131	0.113799997	0.115199998	0.117299996	0.119000003	0.120999999
F5	0.067400001	0.067500003	0.0678	0.0682	0.068700001	0.068999998	0.0691	0.069600001	0.068999998	0.069799997	0.069899999	0.0691	0.069499999	0.0691	0.070200004	0.07	0.070500001	0.070699997	0.07	0.069200002	0.069799997	0.0704	0.0704	0.070200004	0.070100002	0.069399998	0.069799997	0.069700003	0.069700003
F6	0.081	0.090099998	0.100900002	0.105700001	0.109200001	0.108999997	0.111500002	0.1149	0.116300002	0.117700003	0.1219	0.123499997	0.127700001	0.129999995	0.132699996	0.136000007	0.139500007	0.1426	0.144999996	0.146699995	0.149299994	0.151700005	0.154799998	0.155699998	0.158899993	0.165099993	0.166299999	0.167199999	0.169799998
F7	0.072899997	0.074500002	0.074699998	0.075199999	0.078500003	0.079400003	0.079899997	0.080200002	0.081200004	0.083700001	0.085299999	0.085500002	0.086599998	0.086499996	0.088	0.089699998	0.090599999	0.090499997	0.090400003	0.093599997	0.096000001	0.096299998	0.0973	0.099299997	0.100299999	0.101999998	0.105400003	0.109200001	0.110699996
F8	0.063699998	0.064599998	0.066399999	0.067599997	0.068499997	0.0691	0.068800002	0.069499999	0.068599999	0.069899999	0.069399998	0.068700001	0.069600001	0.069799997	0.070200004	0.0704	0.070200004	0.068800002	0.068599999	0.069799997	0.070200004	0.069399998	0.068400003	0.068599999	0.070299998	0.069799997	0.069799997	0.069300003	0.069700003
F9	0.070500001	0.071599998	0.073799998	0.076800004	0.0788	0.080499999	0.079300001	0.081799999	0.082199998	0.0836	0.084200002	0.086199999	0.0876	0.087800004	0.088799998	0.092	0.091399997	0.092200004	0.093699999	0.094999999	0.097000003	0.097900003	0.099600002	0.102399997	0.101800002	0.1039	0.108400002	0.109700002	0.111400001
F10	0.081200004	0.083099999	0.0854	0.0867	0.087899998	0.088600002	0.090899996	0.0933	0.094400004	0.096199997	0.0973	0.0986	0.100199997	0.101300001	0.102700002	0.104400001	0.105400003	0.106399998	0.108099997	0.1096	0.110600002	0.1118	0.113200001	0.114500001	0.115500003	0.1171	0.118900001	0.119999997	0.121299997
F11	0.072300002	0.073700003	0.075999998	0.078599997	0.080799997	0.0832	0.084799998	0.086499996	0.088100001	0.091899998	0.092900001	0.094700001	0.096000001	0.097499996	0.098700002	0.100699998	0.102700002	0.1021	0.105400003	0.108199999	0.113899998	0.114799999	0.118299998	0.119099997	0.125400007	0.128700003	0.131699994	0.136399999	0.139799997
F12	0.073600002	0.079599999	0.084399998	0.086599998	0.087800004	0.090300001	0.092399999	0.093500003	0.093599997	0.096600004	0.0964	0.097599998	0.101599999	0.100500003	0.101300001	0.104199998	0.104199998	0.105400003	0.104999997	0.106299996	0.109800003	0.111400001	0.111299999	0.113600001	0.1131	0.113700002	0.117200002	0.118199997	0.119099997
G1	0.0669	0.066600002	0.0669	0.067000002	0.067500003	0.067400001	0.067900002	0.067500003	0.067599997	0.0678	0.0682	0.067900002	0.068300001	0.068400003	0.068599999	0.068700001	0.068400003	0.0691	0.069300003	0.068700001	0.068599999	0.068000004	0.068099998	0.0682	0.0682	0.067500003	0.068000004	0.068499997	0.068499997
G2	0.077	0.082800001	0.093400002	0.0986	0.0986	0.097800002	0.098399997	0.098300003	0.099100001	0.1017	0.103500001	0.104699999	0.105800003	0.106799997	0.108999997	0.110699996	0.112000003	0.113600001	0.1149	0.1175	0.1184	0.120099999	0.119900003	0.122299999	0.124700002	0.125400007	0.126900002	0.128800005	0.129899994
G3	0.071000002	0.071800001	0.0726	0.0735	0.0748	0.075999998	0.076300003	0.075900003	0.076800004	0.076899998	0.078900002	0.079599999	0.081100002	0.081500001	0.082099997	0.083999999	0.084600002	0.086499996	0.086000003	0.088	0.090700001	0.091899998	0.093800001	0.095200002	0.097499996	0.0986	0.101800002	0.104500003	0.107100002
G4	0.074500002	0.077399999	0.082699999	0.085699998	0.087300003	0.0898	0.092500001	0.093800001	0.094999999	0.096199997	0.096100003	0.0986	0.0995	0.098700002	0.100000001	0.102300003	0.102600001	0.103799999	0.104400001	0.106899999	0.108000003	0.108400002	0.110699996	0.111100003	0.111699998	0.112499997	0.114	0.114399999	0.115199998
G5	0.061999999	0.063199997	0.064999998	0.066299997	0.066799998	0.067400001	0.0678	0.068700001	0.070100002	0.0722	0.072800003	0.072300002	0.073200002	0.073700003	0.075099997	0.074199997	0.073799998	0.073600002	0.0722	0.072700001	0.074600004	0.074699998	0.075199999	0.0735	0.0722	0.071500003	0.071500003	0.071800001	0.071999997
G6	0.0625	0.064599998	0.066200003	0.067599997	0.066399999	0.067400001	0.067500003	0.069200002	0.069600001	0.069899999	0.068700001	0.068800002	0.069700003	0.068499997	0.07	0.069600001	0.069899999	0.070100002	0.068800002	0.069399998	0.069300003	0.069399998	0.069600001	0.0691	0.069499999	0.069300003	0.069200002	0.069300003	0.069399998
G7	0.071699999	0.072300002	0.073700003	0.075199999	0.077	0.078299999	0.079999998	0.081100002	0.082999997	0.083800003	0.084899999	0.085199997	0.0876	0.087800004	0.089100003	0.090300001	0.091700003	0.091899998	0.092	0.095100001	0.097999997	0.097199999	0.099299997	0.101400003	0.102600001	0.105899997	0.107600003	0.111400001	0.114600003
G8	0.071400002	0.075499997	0.083499998	0.088699996	0.091300003	0.092600003	0.0942	0.094499998	0.095899999	0.096600004	0.097999997	0.098300003	0.1008	0.100599997	0.102300003	0.103600003	0.105400003	0.107699998	0.1065	0.109099999	0.111900002	0.112000003	0.111500002	0.114200003	0.1162	0.115999997	0.117600001	0.118799999	0.1206
G9	0.07	0.070699997	0.072300002	0.074299999	0.075800002	0.077699997	0.079400003	0.081	0.082400002	0.084299996	0.084399998	0.085699998	0.087499999	0.088799998	0.090400003	0.090700001	0.091700003	0.092900001	0.093599997	0.0964	0.098899998	0.0977	0.099399999	0.101800002	0.103399999	0.103799999	0.107100002	0.111000001	0.111199997
G10	0.076200001	0.086199999	0.089500003	0.091700003	0.093199998	0.095600002	0.098300003	0.0986	0.099699996	0.1017	0.103399999	0.104599997	0.1052	0.106700003	0.109499998	0.110399999	0.110600002	0.111599997	0.112300001	0.114200003	0.115599997	0.117399998	0.118299998	0.120499998	0.1219	0.123999998	0.125799999	0.127800003	0.128999993
G11	0.071099997	0.072499998	0.074100003	0.075999998	0.0779	0.079999998	0.081600003	0.082699999	0.085000001	0.086599998	0.089699998	0.090700001	0.093000002	0.092799999	0.095299996	0.0977	0.099100001	0.100699998	0.101899996	0.104000002	0.105899997	0.107500002	0.111000001	0.114200003	0.116599999	0.119999997	0.121699996	0.124799997	0.127299994
G12	0.067000002	0.067299999	0.069300003	0.070500001	0.071099997	0.071199998	0.071500003	0.070699997	0.071199998	0.072999999	0.0713	0.071199998	0.072300002	0.072300002	0.072300002	0.0713	0.0713	0.072300002	0.071599998	0.071800001	0.072099999	0.072400004	0.072300002	0.073100001	0.072700001	0.071500003	0.071400002	0.070900001	0.070900001
H1	0.067599997	0.067599997	0.067599997	0.0678	0.0682	0.068300001	0.068400003	0.068400003	0.068599999	0.068599999	0.068800002	0.068899997	0.069200002	0.069200002	0.069700003	0.069399998	0.069399998	0.069300003	0.069399998	0.069700003	0.069499999	0.069300003	0.068999998	0.069499999	0.069600001	0.069600001	0.069700003	0.069600001	0.069600001
H2	0.067400001	0.067699999	0.068099998	0.068099998	0.068400003	0.068300001	0.068499997	0.068599999	0.068499997	0.068599999	0.068300001	0.068000004	0.068700001	0.068499997	0.069300003	0.068899997	0.0691	0.068800002	0.068999998	0.068800002	0.068999998	0.068599999	0.068300001	0.068599999	0.068300001	0.068400003	0.068300001	0.068599999	0.068499997
H3	0.067900002	0.0682	0.068599999	0.068899997	0.0691	0.069399998	0.069600001	0.069399998	0.070100002	0.070500001	0.070299998	0.070299998	0.071000002	0.071099997	0.0713	0.071400002	0.071400002	0.070900001	0.070799999	0.071800001	0.071000002	0.070100002	0.070299998	0.071400002	0.071199998	0.071199998	0.071800001	0.071999997	0.070900001
H4	0.068899997	0.068899997	0.0691	0.069300003	0.069499999	0.069499999	0.069700003	0.069799997	0.070299998	0.070299998	0.070799999	0.0704	0.070699997	0.070799999	0.071599998	0.071500003	0.071599998	0.071199998	0.0713	0.0713	0.071000002	0.071099997	0.070799999	0.071199998	0.0713	0.070799999	0.071000002	0.070799999	0.070600003
H5	0.069799997	0.069499999	0.0704	0.072099999	0.072899997	0.070900001	0.071599998	0.071599998	0.071400002	0.071800001	0.072499998	0.074000001	0.075400002	0.075000003	0.0757	0.0748	0.075499997	0.0748	0.0748	0.075000003	0.075099997	0.075300001	0.074199997	0.074100003	0.072999999	0.075400002	0.074199997	0.074100003	0.073799998
H6	0.069799997	0.069499999	0.069700003	0.069899999	0.069899999	0.069899999	0.070299998	0.070600003	0.0704	0.070600003	0.0704	0.071000002	0.070500001	0.070500001	0.070799999	0.070699997	0.070900001	0.071099997	0.071000002	0.071000002	0.070600003	0.070799999	0.070900001	0.0713	0.071099997	0.070699997	0.0704	0.070500001	0.0704
H7	0.072400004	0.072499998	0.072499998	0.073299997	0.073700003	0.073700003	0.073700003	0.074699998	0.073700003	0.073799998	0.075199999	0.075000003	0.075199999	0.074600004	0.075199999	0.074600004	0.0757	0.074600004	0.074299999	0.074600004	0.0748	0.0744	0.075499997	0.075599998	0.074900001	0.073700003	0.074100003	0.073700003	0.074699998
H8	0.069700003	0.069700003	0.070299998	0.071099997	0.071199998	0.071900003	0.070699997	0.071999997	0.071800001	0.072400004	0.071500003	0.070600003	0.0722	0.072300002	0.074000001	0.072099999	0.072300002	0.0735	0.073100001	0.072400004	0.072999999	0.072499998	0.071999997	0.073200002	0.072899997	0.071900003	0.072300002	0.071500003	0.072099999
H9	0.069499999	0.0669	0.065499999	0.066299997	0.066699997	0.066799998	0.067299999	0.067500003	0.0678	0.068700001	0.068700001	0.068800002	0.068800002	0.068899997	0.069600001	0.068999998	0.069399998	0.069600001	0.069499999	0.069300003	0.069200002	0.070299998	0.069700003	0.070299998	0.070299998	0.070299998	0.070100002	0.07	0.0704
H10	0.0682	0.068999998	0.068499997	0.071000002	0.0704	0.070299998	0.069899999	0.072300002	0.071199998	0.071699999	0.071699999	0.071900003	0.071400002	0.0713	0.071599998	0.071900003	0.072999999	0.072499998	0.072499998	0.072700001	0.073100001	0.073299997	0.070900001	0.071099997	0.072800003	0.0735	0.072300002	0.071900003	0.071900003
H11	0.070299998	0.070299998	0.070299998	0.070900001	0.071199998	0.071199998	0.071699999	0.071900003	0.071099997	0.071400002	0.0713	0.071699999	0.071400002	0.071599998	0.071500003	0.071000002	0.070900001	0.070600003	0.0726	0.072099999	0.073200002	0.072700001	0.072999999	0.073299997	0.073399998	0.072499998	0.072800003	0.0735	0.0722
H12	0.068899997	0.068499997	0.069899999	0.069300003	0.068800002	0.069499999	0.068700001	0.069499999	0.068800002	0.069799997	0.069200002	0.069899999	0.069300003	0.070699997	0.071199998	0.069600001	0.069700003	0.069600001	0.070500001	0.070200004	0.071699999	0.071099997	0.069899999	0.070299998	0.071000002	0.0704	0.070500001	0.0713	0.070299998



End Time:	2/11/2016 11:07:09 AM																												
