#DHT22 humdity
36.00
36.70
38.60
41.40
44.20
46.80
49.30
51.50
53.50
55.40
57.00
58.60
60.00
61.40
62.70
64.00
65.00
66.00
66.90
67.90
68.60
69.40
70.10
70.70
71.30
71.80
72.30
72.80
73.20
73.60
74.00
74.40
74.70
75.00
75.30
75.60
75.80
76.00
76.30
76.50
76.70
76.90
77.00
77.20
77.40
77.50
77.60
77.80
77.90
78.00
78.10
78.30
78.30
78.40
78.50
78.60
78.70
78.70
78.80
78.90
79.00
79.10
79.10
79.20
79.20
79.30
79.30
79.40
79.50
79.50
79.50
79.60
79.60
79.70
79.70
79.80
79.80
79.80
79.80
79.80
79.90
79.90
79.90
80.00
80.00
80.00
80.10
80.10
80.00
80.20
80.10
80.10
80.10
80.10
80.30
80.30
80.20
80.20
80.40
80.40
80.30
80.40
80.50
80.40
80.40
80.40
80.40
80.40
80.50
80.50
80.50
80.50
80.60
80.60
80.60
80.60
80.60
80.70
80.70
80.70
80.70
80.70
80.70
80.80
80.80
80.80
80.80
80.80
80.80
80.90
80.90
80.90
80.90
80.90
80.90
80.90
81.00
80.90
81.00
81.00
81.00
81.00
81.00
81.10
81.10
81.10
81.20
81.20
81.20
81.20
81.20
81.20
81.20
81.20
81.30
81.30
81.30
81.30
81.30
81.30
81.30
81.40
81.40
81.40
81.40
81.40
81.40
81.40
81.40
81.40
81.50
81.40
81.50
81.50
81.50
81.50
81.50
81.50
81.50
81.50
81.40
81.60
81.50
81.60
81.60
81.60
81.60
81.70
81.70
81.70
81.60
81.60
81.60
81.80
81.60
81.60
81.70
81.70
81.70
81.70
81.70
81.70
81.70
81.70
81.70
81.80
81.80
81.80
81.80
81.80
81.90
81.90
81.90
81.90
82.00
81.90
82.00
82.00
82.00
82.00
82.00
82.00
82.00
82.10
82.10
82.10
82.10
82.10
82.10
82.10
82.10
82.20
82.20
82.20
82.20
82.20
82.20
82.20
82.20
82.20
82.20
82.30
82.30
82.30
82.30
82.30
82.30
82.40
82.30
82.40
82.40
82.50
82.40
82.50
82.40
82.40
82.50
82.50
82.50
82.50
82.50
82.50
82.50
82.50
82.50
82.50
82.50
82.50
82.60
82.60
82.60
82.60
82.60
82.60
82.60
82.60
82.60
82.60
82.60
82.60
82.60
82.60
82.60
82.60
82.60
82.60
82.60
82.70
82.70
82.70
82.70
82.60
82.70
82.70
82.60
82.70
82.70
82.70
82.60
82.70
82.60
82.70
82.60
82.70
82.70
82.70
82.70
82.70
82.70
82.70
82.70
82.70
82.70
82.70
82.70
82.70
82.70
82.70
82.80
82.80
82.80
82.80
82.80
82.80
82.80
82.80
82.80
82.80
82.80
82.80
82.80
82.90
82.80
82.90
82.90
82.80
82.90
82.90
82.90
82.90
82.90
82.90
82.90
82.90
82.90
82.90
82.90
82.90
82.90
82.90
82.90
82.90
82.90
82.90
83.00
83.00
82.90
83.00
82.90
82.90
