#DHT22 humidity
33.50
34.90
37.20
39.50
42.10
44.60
46.70
48.70
50.40
51.90
53.10
54.20
55.20
56.10
56.80
57.50
58.20
58.70
59.20
59.60
60.00
60.30
60.70
61.00
61.30
61.50
61.70
61.90
62.00
62.30
62.40
62.70
62.80
62.90
63.00
63.10
63.20
63.30
63.40
63.50
63.60
63.70
63.70
63.80
63.80
63.80
63.90
63.90
64.00
64.00
64.10
64.10
64.10
64.20
64.20
64.20
64.30
64.30
64.30
64.40
64.40
64.40
64.40
64.50
64.50
64.50
64.50
64.60
64.60
64.60
64.70
64.70
64.70
64.70
64.80
64.80
64.80
64.80
64.80
64.90
64.90
64.90
64.90
64.90
64.90
65.00
65.00
65.10
65.00
65.00
65.00
65.10
65.10
65.10
65.10
65.10
65.10
65.20
65.20
65.30
65.30
65.30
65.30
65.30
65.40
65.40
65.40
65.40
65.40
65.50
65.50
65.50
65.50
65.50
65.60
65.60
65.60
65.60
65.70
65.70
65.70
65.70
65.70
65.80
65.80
65.80
65.90
65.90
65.90
66.00
66.00
66.00
66.00
66.10
66.10
66.10
66.10
66.20
66.20
66.20
66.20
66.20
66.30
66.30
66.30
66.30
66.30
66.30
66.40
66.40
66.40
66.40
66.30
66.40
66.30
66.30
66.30
66.30
66.30
66.30
66.30
66.30
66.30
66.30
66.30
66.30
66.30
66.30
66.30
66.40
66.30
66.40
66.40
66.40
66.40
66.40
66.40
66.30
66.40
66.40
66.50
66.50
66.50
66.50
66.50
66.50
66.50
66.60
66.60
66.60
66.60
66.50
66.50
66.70
66.50
66.60
66.60
66.80
66.80
66.70
66.70
66.70
66.80
66.80
66.80
66.90
66.90
66.90
66.90
66.90
67.00
67.00
67.00
67.00
67.10
67.10
67.10
67.10
67.10
67.20
67.20
67.20
67.30
67.30
67.30
67.30
67.30
67.30
67.30
67.30
67.40
67.40
67.40
67.40
67.50
67.40
67.50
67.50
67.50
67.50
67.50
67.50
67.60
67.60
67.60
67.60
67.60
67.60
67.60
67.60
67.70
67.70
67.70
67.70
67.70
67.70
67.70
67.70
67.70
67.70
67.70
67.70
67.70
67.70
67.70
67.70
67.70
67.70
67.70
67.80
67.70
67.80
67.80
67.70
67.80
67.80
67.70
67.70
67.70
67.80
67.70
67.70
67.70
67.70
67.80
67.80
67.70
67.80
67.70
67.70
67.80
67.70
67.70
67.70
67.70
67.70
67.70
67.70
67.70
67.70
67.70
67.70
67.70
67.70
67.70
67.70
67.70
67.70
67.70
67.70
67.70
67.70
67.70
67.70
67.70
67.70
67.70
67.70
67.70
67.70
67.80
67.80
67.80
67.80
67.80
67.70
67.80
67.80
67.70
67.80
67.80
67.70
67.70
67.80
67.70
67.70
67.70
67.70
67.70
67.70
67.70
67.70
67.70
67.70
67.70
67.70
67.70
67.70
67.70
67.70
67.70
67.70
67.70
67.70
67.70
67.70
67.70
67.70
67.70
67.70
