#DHT22 humidity(%)
33.10
31.60
30.90
30.30
29.70
29.20
28.60
28.10
27.70
27.20
26.80
26.40
26.00
25.70
25.40
25.00
24.70
24.40
24.20
23.90
23.60
23.40
23.20
22.90
22.70
22.50
22.30
22.10
21.90
21.70
21.60
21.40
21.20
21.10
20.90
20.80
20.60
20.50
20.40
20.20
20.10
20.00
19.90
19.90
19.80
19.70
19.60
19.50
19.40
19.30
19.20
19.20
19.10
19.00
18.90
18.90
18.80
18.70
18.60
18.60
18.50
18.40
18.40
18.30
18.20
18.20
18.10
18.00
18.00
17.90
17.90
17.80
17.80
17.70
17.70
17.60
17.60
17.50
17.50
17.40
17.30
17.30
17.20
17.20
17.10
17.10
17.00
17.00
17.00
16.90
16.90
16.80
16.80
16.70
16.70
16.60
16.60
16.50
16.50
16.40
16.40
16.40
16.30
16.30
16.30
16.20
16.20
16.20
16.10
16.10
16.10
16.00
16.00
16.00
15.90
15.90
15.90
15.80
15.80
15.80
15.70
15.70
15.70
15.60
15.60
15.60
15.60
15.50
15.50
15.50
15.40
15.40
15.40
15.40
15.40
15.30
15.30
15.30
15.20
15.20
15.20
15.20
15.10
15.10
15.10
15.10
15.00
15.00
15.00
15.00
14.90
14.90
14.80
14.80
14.80
14.80
14.70
14.70
14.70
14.70
14.70
14.70
14.60
14.60
14.60
14.60
14.50
14.50
14.50
14.50
14.40
14.40
14.40
14.40
14.30
14.30
14.30
14.30
14.30
14.30
14.20
14.20
14.20
14.20
14.20
14.20
14.20
14.20
14.10
14.10
14.10
14.10
14.10
14.10
14.10
14.10
14.00
14.00
14.00
14.00
14.00
14.00
14.00
14.00
13.90
13.90
13.90
13.90
13.90
13.90
13.80
13.80
13.80
13.80
13.80
13.80
13.70
13.70
13.70
13.70
13.70
13.70
13.70
13.60
13.60
13.60
13.60
13.60
13.50
13.60
13.50
13.50
13.50
13.50
13.50
13.40
13.40
13.40
13.40
13.40
13.30
13.30
13.30
13.30
13.30
13.20
13.20
13.20
13.20
13.20
13.20
13.20
13.10
13.10
13.10
13.10
13.10
13.00
13.00
13.00
13.00
13.00
13.00
13.00
12.90
12.90
12.90
12.90
12.90
12.90
12.80
12.80
12.80
12.80
12.80
12.80
12.70
12.70
12.70
12.70
12.70
12.70
12.60
12.60
12.60
12.60
12.60
12.50
12.50
12.50
12.50
12.50
12.50
12.40
12.40
12.40
12.40
12.40
12.40
12.30
12.30
12.30
12.30
12.30
12.30
12.30
12.30
12.20
12.20
12.20
12.20
12.20
12.20
12.20
12.20
12.10
12.10
12.10
12.10
12.10
12.10
12.10
12.00
12.00
12.00
12.00
12.00
12.00
12.00
12.00
12.00
11.90
11.90
11.90
11.90
11.90
11.90
11.90
11.90
11.80
11.80
11.80
11.80
11.80
11.70
11.70
11.70
11.70
11.70
11.70
11.70
11.60
11.70
11.60
11.70
11.60
11.60
11.60
11.60
11.60
