#DHT22 humidity(%)
36.40
37.90
39.30
41.10
42.80
44.40
45.90
47.40
48.70
49.80
51.00
52.00
53.00
53.80
54.60
55.30
56.20
56.70
57.30
57.80
58.30
58.70
59.20
59.50
59.80
60.10
60.40
60.70
60.90
61.10
61.30
61.60
61.70
61.90
62.00
62.10
62.20
62.30
62.30
62.40
62.50
62.50
62.50
62.50
62.60
62.60
62.60
62.70
62.70
62.70
62.70
62.70
62.70
62.70
62.70
62.70
62.70
62.70
62.70
62.60
62.60
62.60
62.60
62.60
62.50
62.50
62.50
62.50
62.40
62.40
62.30
62.30
62.30
62.30
62.30
62.30
62.20
62.20
62.10
62.10
62.10
62.10
62.00
62.00
62.00
62.00
61.90
61.90
61.80
61.80
61.80
61.70
61.70
61.70
61.70
61.60
61.60
61.60
61.60
61.60
61.60
61.50
61.50
61.50
61.50
61.40
61.40
61.40
61.30
61.40
61.30
61.30
61.20
61.20
61.20
61.20
61.20
61.20
61.20
61.10
61.10
61.10
61.10
61.10
61.10
61.10
61.00
61.00
61.00
61.00
61.00
61.00
61.00
61.00
61.00
61.00
61.00
61.00
61.00
60.90
61.00
61.00
61.00
61.00
60.90
60.90
60.90
60.90
60.80
60.80
60.80
60.80
60.80
60.80
60.80
60.80
60.80
60.80
60.80
60.80
60.80
60.80
60.80
60.80
60.90
60.80
60.80
60.80
60.80
60.80
60.80
60.80
60.80
60.90
60.80
60.80
60.80
60.90
60.90
60.90
60.90
60.90
60.90
60.90
60.90
60.90
60.90
60.90
60.90
60.90
60.90
60.80
60.90
60.90
60.90
60.90
60.90
61.00
60.90
60.90
61.00
61.00
60.90
61.00
61.00
61.00
61.00
61.00
61.00
61.00
61.00
61.00
61.00
61.10
61.10
61.10
61.10
61.10
61.10
61.10
61.10
61.10
61.20
61.20
61.10
61.10
61.20
61.20
61.20
61.20
61.20
61.10
61.10
61.10
61.20
61.20
61.20
61.20
61.20
61.20
61.20
61.30
61.30
61.30
61.30
61.30
61.30
61.40
61.40
61.40
61.40
61.40
61.40
61.50
61.50
61.50
61.50
61.60
61.60
61.60
61.60
61.70
61.70
61.70
61.70
61.70
61.80
61.80
61.80
61.80
61.80
61.90
61.90
61.90
61.90
61.90
61.90
61.90
61.90
62.00
62.00
62.00
62.00
62.00
62.00
62.00
62.10
62.10
62.10
62.10
62.10
62.10
62.10
62.10
62.10
62.10
62.20
62.20
62.20
62.20
62.20
62.20
62.30
62.20
62.30
62.30
62.30
62.30
62.30
62.30
62.30
62.30
62.30
62.30
62.40
62.40
62.40
62.40
62.40
62.40
62.40
62.50
62.50
62.50
62.50
62.50
62.50
62.50
62.60
62.60
62.60
62.60
62.60
62.70
62.60
62.60
62.70
62.80
62.60
62.80
62.70
62.80
62.80
62.80
62.80
62.70
62.80
62.80
62.80
62.70
62.80
62.80
62.80
62.90
62.90
62.80
62.90
62.80
62.80
62.80
