#DHT22 humidity(%)
56.60
59.80
61.20
62.50
63.70
64.80
65.70
66.60
67.50
68.20
68.90
69.40
70.00
70.50
70.90
71.30
71.60
71.80
72.10
72.30
72.60
72.70
72.80
72.90
73.10
73.10
73.20
73.20
73.30
73.30
73.30
73.30
73.30
73.30
73.30
73.20
73.30
73.30
73.30
73.30
73.20
73.20
73.10
73.10
73.10
73.00
72.90
72.90
72.90
72.80
72.80
72.70
72.70
72.70
72.60
72.60
72.50
72.50
72.40
72.40
72.30
72.30
72.30
72.20
72.20
72.20
72.10
72.10
72.10
72.00
72.00
71.90
71.90
71.90
71.80
71.80
71.70
71.80
71.70
71.70
71.70
71.60
71.60
71.60
71.60
71.60
71.50
71.50
71.50
71.40
71.40
71.40
71.40
71.40
71.30
71.30
71.30
71.30
71.30
71.30
71.30
71.20
71.20
71.20
71.20
71.10
71.10
71.10
71.10
71.10
71.10
71.10
71.00
71.10
71.00
71.00
71.00
71.00
71.00
70.90
70.90
70.80
70.80
70.80
70.90
70.90
70.80
70.80
70.80
70.80
70.70
70.70
70.70
70.70
70.70
70.70
70.80
70.70
70.70
70.70
70.70
70.80
70.70
70.80
70.80
70.70
70.70
70.70
70.70
70.70
70.70
70.70
70.70
70.70
70.70
70.70
70.70
70.70
70.80
70.70
70.80
70.80
70.70
70.80
70.80
70.80
70.80
70.70
70.70
70.70
70.70
70.70
70.70
70.70
70.70
70.70
70.70
70.70
70.70
70.70
70.70
70.70
70.70
70.80
70.80
70.80
70.80
70.80
70.80
70.80
70.80
70.80
70.80
70.80
70.80
70.80
70.80
70.80
70.80
70.80
70.80
70.80
70.80
70.80
70.80
70.80
70.80
70.80
70.70
70.80
70.80
70.80
70.80
70.70
70.70
70.70
70.80
70.80
70.80
70.80
70.80
70.80
70.80
70.80
70.80
70.80
70.90
70.90
70.90
70.90
70.90
70.90
70.90
70.90
71.00
71.00
71.00
71.00
71.00
71.00
71.00
71.00
71.00
71.10
71.10
71.10
71.10
71.10
71.10
71.10
71.10
71.10
71.10
71.10
71.20
71.20
71.20
71.20
71.20
71.20
71.20
71.20
71.20
71.20
71.20
71.20
71.20
71.30
71.30
71.20
71.20
71.20
71.20
71.20
71.20
71.20
71.20
71.20
71.20
71.30
71.30
71.30
71.30
71.30
71.30
71.30
71.30
71.30
71.30
71.30
71.30
71.30
71.30
71.30
71.30
71.40
71.40
71.40
71.40
71.40
71.40
71.40
71.40
71.40
71.40
71.40
71.40
71.40
71.40
71.40
71.40
71.40
71.40
71.50
71.40
71.50
71.50
71.50
71.50
71.50
71.50
71.50
71.50
71.50
71.50
71.50
71.50
71.50
71.50
71.50
71.50
71.50
71.50
71.50
71.50
71.50
71.50
71.50
71.50
71.50
71.60
71.50
71.60
71.60
71.60
71.60
71.60
71.60
71.50
71.60
71.60
71.70
71.70
71.70
71.70
71.50
71.70
71.50
71.50
71.60
