#DHT22 humidity(%)
34.00
35.20
37.50
39.80
42.70
45.50
47.90
50.20
52.40
54.30
56.00
57.70
59.20
60.70
62.10
63.40
64.60
65.70
66.70
67.70
68.50
69.40
70.00
70.70
71.40
72.10
72.50
73.10
73.50
74.00
74.30
74.60
75.00
75.30
75.60
75.80
76.00
76.30
76.50
76.70
76.80
77.00
77.10
77.30
77.40
77.50
77.60
77.70
77.80
77.90
78.00
78.10
78.20
78.20
78.30
78.40
78.40
78.50
78.50
78.60
78.60
78.70
78.70
78.80
78.80
78.90
79.00
79.00
79.00
79.00
79.10
79.10
79.20
79.20
79.30
79.30
79.30
79.30
79.40
79.40
79.50
79.50
79.50
79.60
79.60
79.60
79.60
79.70
79.70
79.70
79.70
79.80
79.80
79.90
79.90
79.90
79.90
79.80
79.90
79.90
79.90
80.10
80.00
80.00
80.00
80.00
80.20
80.00
80.10
80.10
80.10
80.10
80.10
80.20
80.20
80.20
80.30
80.30
80.30
80.30
80.30
80.30
80.40
80.40
80.40
80.40
80.40
80.50
80.50
80.50
80.50
80.50
80.50
80.60
80.60
80.60
80.60
80.70
80.70
80.70
80.70
80.70
80.70
80.70
80.80
80.80
80.80
80.70
80.70
80.90
80.90
80.90
80.80
80.90
81.00
80.90
80.90
80.90
80.90
80.90
81.00
81.00
81.00
81.00
81.00
81.00
81.00
81.10
81.10
81.10
81.10
81.10
81.10
81.10
81.20
81.20
81.20
81.20
81.20
81.20
81.20
81.30
81.30
81.30
81.30
81.30
81.40
81.40
81.40
81.40
81.40
81.40
81.40
81.50
81.50
81.50
81.50
81.50
81.50
81.50
81.50
81.60
81.60
81.60
81.60
81.60
81.50
81.60
81.50
81.60
81.60
81.60
81.60
81.60
81.70
81.70
81.70
81.70
81.70
81.70
81.70
81.70
81.70
81.80
81.80
81.80
81.80
81.80
81.80
81.80
81.80
81.80
81.80
81.80
81.80
81.80
81.90
81.90
81.80
81.90
81.90
81.90
81.90
81.90
81.90
81.90
82.00
82.00
82.00
82.00
82.00
82.00
82.00
82.00
82.00
82.00
82.00
82.00
82.10
82.00
82.00
82.10
82.00
82.10
82.10
82.10
82.10
82.10
82.10
82.10
82.10
82.10
82.10
82.10
82.20
82.10
82.20
82.20
82.20
82.20
82.20
82.20
82.10
82.20
82.30
82.30
82.30
82.30
82.30
82.30
82.30
82.30
82.40
82.40
82.30
82.40
82.50
82.50
82.50
82.50
82.50
82.40
82.60
82.40
82.50
82.50
82.50
82.50
82.50
82.50
82.50
82.50
82.60
82.60
82.60
82.60
82.60
82.60
82.60
82.60
82.60
82.60
82.60
82.60
82.70
82.60
82.70
82.70
82.70
82.70
82.70
82.70
82.70
82.70
82.80
82.70
82.70
82.70
82.70
82.70
82.70
82.70
82.70
82.70
82.70
82.70
82.80
82.80
82.80
82.80
82.80
82.80
82.80
82.80
82.80
82.80
82.80
82.80
82.80
82.80
