#DHT22 humidity(%)
32.90
33.20
33.40
33.50
33.50
33.60
33.70
33.70
33.70
33.70
33.70
33.70
33.70
33.70
33.70
33.70
33.70
33.70
33.70
33.70
33.70
33.70
33.70
33.70
33.70
33.70
33.70
33.60
33.70
33.70
33.70
33.70
33.70
33.70
33.60
33.60
33.60
33.60
33.60
33.60
33.50
33.60
33.50
33.50
33.50
33.50
33.50
33.50
33.50
33.50
33.50
33.50
33.60
33.60
33.50
33.50
33.50
33.50
33.50
33.50
33.50
33.50
33.50
33.50
33.50
33.50
33.50
33.50
33.50
33.40
33.40
33.40
33.40
33.40
33.40
33.40
33.40
33.40
33.40
33.40
33.40
33.40
33.40
33.40
33.40
33.40
33.40
33.40
33.40
33.40
33.40
33.40
33.40
33.40
33.40
33.40
33.40
33.40
33.40
33.40
33.40
33.40
33.40
33.40
33.40
33.40
33.40
33.40
33.40
33.40
33.40
33.40
33.40
33.40
33.40
33.40
33.40
33.40
33.40
33.40
33.40
33.40
33.40
33.40
33.40
33.40
33.50
33.50
33.50
33.50
33.50
33.50
33.50
33.50
33.50
33.50
33.50
33.50
33.50
33.50
33.50
33.50
33.50
33.60
33.50
33.60
33.60
33.60
33.60
33.60
33.60
33.60
33.60
33.60
33.50
33.60
33.60
33.60
33.50
33.50
33.50
33.50
33.50
33.50
33.60
33.60
33.60
33.60
33.60
33.60
33.60
33.60
33.60
33.60
33.60
33.60
33.60
33.60
33.70
33.70
33.70
33.70
33.70
33.70
33.70
33.70
33.70
33.70
33.70
33.70
33.70
33.70
33.70
33.70
33.70
33.80
33.80
33.80
33.80
33.80
33.80
33.80
33.80
33.80
33.80
33.80
33.80
33.80
33.80
33.90
33.90
33.90
33.90
33.90
33.90
33.90
33.90
33.90
33.90
33.90
34.00
34.00
34.00
34.00
34.00
34.00
34.00
34.00
34.00
34.00
34.00
34.00
34.00
34.00
34.00
34.00
34.00
34.00
34.00
34.00
34.10
34.00
34.00
34.00
34.00
34.00
34.00
34.00
34.10
34.00
34.00
34.10
34.10
34.10
34.10
34.10
34.10
34.10
34.10
34.10
34.10
34.10
34.10
34.10
34.10
34.10
34.10
34.10
34.10
34.10
34.10
34.10
34.20
34.20
34.20
34.20
34.20
34.20
34.20
34.20
34.20
34.20
34.20
34.20
34.20
34.20
34.20
34.20
34.20
34.20
34.20
34.20
34.20
34.20
34.20
34.20
34.20
34.30
34.30
34.30
34.30
34.30
34.30
34.30
34.30
34.30
34.30
34.30
34.30
34.30
34.30
34.30
34.30
34.30
34.30
34.30
34.30
34.30
34.40
34.30
34.30
34.30
34.30
34.30
34.30
34.30
34.30
34.30
34.30
34.30
34.40
34.30
34.40
34.30
34.30
34.40
34.30
34.30
34.30
34.30
34.30
34.40
34.40
34.40
34.40
34.40
34.40
34.40
34.40
34.40
34.40
34.40
34.40
34.40
34.40
34.40
34.40
34.40
34.40
34.40
