#DHT22 humidity (%)
32.20
32.60
32.70
33.60
37.80
43.40
49.20
54.20
58.70
62.90
66.70
70.00
72.70
75.20
77.30
79.20
80.80
82.20
83.50
84.60
85.60
86.60
87.40
88.20
88.90
89.50
90.00
90.50
91.00
91.40
91.80
92.10
92.50
92.70
93.00
93.30
93.50
93.70
93.90
94.10
94.30
94.50
94.60
94.80
94.90
95.10
95.20
95.30
95.40
95.50
95.60
95.70
95.80
95.90
96.00
96.10
96.20
96.30
96.40
96.40
96.50
96.60
96.60
96.70
96.70
96.80
96.90
97.00
97.00
97.10
97.10
97.20
97.20
97.30
97.30
97.30
97.30
97.40
97.40
97.50
97.50
97.50
97.60
97.60
97.60
97.70
97.70
97.70
97.80
97.80
97.80
97.90
97.90
97.90
97.90
98.00
98.00
98.00
98.10
98.10
98.10
98.20
98.20
98.20
98.30
98.30
98.30
98.30
98.30
98.40
98.40
98.40
98.50
98.50
98.50
98.50
98.50
98.60
98.60
98.60
98.70
98.70
98.70
98.70
98.70
98.70
98.80
98.80
98.80
98.80
98.90
98.90
98.90
98.90
98.90
98.90
98.90
99.00
99.00
99.00
99.00
99.00
99.00
99.00
99.00
99.10
99.10
99.10
99.10
99.10
99.20
99.20
99.20
99.20
99.20
99.20
99.30
99.30
99.30
99.30
99.30
99.30
99.30
99.40
99.40
99.40
99.30
99.40
99.40
99.40
99.40
99.50
99.50
99.50
99.50
99.50
99.50
99.50
99.50
99.50
99.50
99.60
99.60
99.60
99.60
99.60
99.60
99.60
99.60
99.70
99.70
99.70
99.70
99.70
99.70
99.70
99.70
99.70
99.80
99.80
99.80
99.80
99.80
99.80
99.80
99.80
99.80
99.80
99.80
99.80
99.90
99.80
99.80
99.80
99.80
99.80
99.80
99.80
99.90
99.80
99.80
99.90
99.80
99.90
99.90
99.90
99.90
99.90
99.90
99.90
99.90
99.90
99.90
99.90
99.90
99.90
99.90
99.90
99.90
99.90
99.90
99.90
99.90
99.90
99.80
99.90
99.90
99.90
99.90
99.90
99.90
99.90
99.90
99.90
99.90
99.90
99.90
99.90
99.90
99.90
99.90
99.90
99.90
99.90
99.90
99.90
99.90
99.90
99.90
99.90
99.90
99.90
99.90
99.90
99.90
99.90
99.90
99.90
99.90
99.90
99.90
99.90
99.90
99.90
99.90
99.90
99.90
99.90
99.90
99.90
99.90
99.90
99.90
99.90
99.90
99.90
99.90
99.90
99.90
99.90
99.90
99.90
99.90
99.90
99.90
99.90
99.90
99.90
99.90
99.90
99.90
99.90
99.90
99.90
99.90
99.90
99.90
99.90
99.90
99.90
99.90
99.90
99.90
99.90
99.90
99.90
99.90
99.90
99.90
99.90
99.90
99.90
99.90
99.90
99.90
99.90
99.90
99.90
99.90
99.90
99.90
99.90
99.90
99.90
99.90
99.90
99.90
99.90
99.90
99.90
99.90
99.90
99.90
99.90
99.90
99.90
99.90
99.90
99.90
99.90
