#DHT22 humidity
33.80
34.70
36.60
38.70
40.90
43.30
45.60
47.50
49.20
50.60
51.90
53.10
54.30
55.20
56.00
56.80
57.50
58.10
58.60
59.20
59.70
60.20
60.60
61.00
61.30
61.70
62.00
62.30
62.50
62.80
63.00
63.30
63.40
63.50
63.70
63.90
64.00
64.10
64.30
64.30
64.50
64.50
64.60
64.70
64.70
64.80
64.90
65.00
65.00
65.10
65.10
65.10
65.20
65.20
65.30
65.40
65.40
65.40
65.40
65.40
65.50
65.50
65.50
65.60
65.60
65.60
65.60
65.60
65.60
65.60
65.60
65.60
65.60
65.60
65.60
65.70
65.60
65.70
65.60
65.70
65.70
65.70
65.70
65.70
65.70
65.70
65.70
65.70
65.70
65.70
65.70
65.70
65.70
65.70
65.70
65.70
65.70
65.90
65.70
65.90
65.90
65.70
65.70
65.70
65.70
65.90
65.70
65.70
65.70
65.90
65.90
65.70
65.70
65.80
65.80
65.80
65.80
65.80
65.80
65.70
65.80
65.80
65.80
65.90
65.80
65.90
65.90
65.90
65.70
65.90
65.90
65.90
65.90
65.90
65.90
65.90
65.90
65.90
65.90
65.90
65.90
65.90
65.90
66.00
65.90
65.90
66.00
65.90
66.00
66.00
65.90
66.00
65.90
66.00
66.00
66.00
66.00
66.00
66.00
66.00
66.00
66.00
66.00
66.00
66.00
66.00
66.00
66.00
66.00
66.00
66.00
66.00
66.00
66.00
66.00
66.00
66.00
66.00
66.00
66.00
66.00
66.00
66.00
66.00
66.00
66.00
66.00
66.00
66.00
66.00
66.00
66.00
66.00
66.00
66.00
66.00
66.00
66.00
66.00
66.00
66.00
66.00
66.00
66.00
66.00
66.00
66.00
66.00
66.10
66.10
66.10
66.10
66.10
66.10
66.10
66.10
66.10
66.10
66.10
66.10
66.10
66.10
66.10
66.10
66.10
66.10
66.10
66.10
66.10
66.20
66.10
66.20
66.20
66.20
66.20
66.20
66.20
66.10
66.20
66.20
66.20
66.20
66.20
66.20
66.20
66.20
66.20
66.20
66.20
66.20
66.20
66.20
66.20
66.20
66.20
66.20
66.20
66.20
66.20
66.20
66.20
66.20
66.20
66.20
66.20
66.20
66.20
66.20
66.20
66.20
66.20
66.30
66.20
66.20
66.20
66.20
66.20
66.30
66.30
66.20
66.30
66.30
66.30
66.30
66.30
66.30
66.30
66.30
66.30
66.30
66.30
66.30
66.30
66.30
66.30
66.30
66.30
66.30
66.30
66.30
66.30
66.30
66.30
66.30
66.30
66.20
66.20
66.30
66.20
66.20
66.20
66.20
66.20
66.20
66.20
66.20
66.30
66.30
66.20
66.30
66.30
66.20
66.20
66.20
66.30
66.30
66.30
66.30
66.30
66.30
66.30
66.30
66.30
66.30
66.30
66.30
66.30
66.30
66.30
66.30
66.40
66.30
66.30
66.30
66.40
66.40
66.30
66.40
66.30
66.30
66.30
66.30
66.30
66.30
66.30
66.30
66.30
66.30
66.30
66.30
