#DHT22 humidity
32.40
32.80
32.90
33.00
33.10
33.20
33.30
33.40
33.50
33.50
33.60
33.70
33.80
33.90
33.90
33.90
34.00
34.00
34.00
34.00
34.00
34.00
34.00
34.00
34.00
34.00
34.00
34.00
34.00
34.00
34.00
33.90
34.00
34.00
34.00
34.00
33.90
33.90
33.90
33.90
33.80
33.80
33.80
33.80
33.80
33.70
33.70
33.70
33.70
33.60
33.60
33.60
33.60
33.50
33.50
33.50
33.50
33.50
33.40
33.40
33.40
33.30
33.30
33.30
33.20
33.20
33.20
33.20
33.20
33.10
33.10
33.10
33.00
33.00
33.00
33.00
33.00
32.90
33.00
32.90
32.90
32.90
32.90
32.90
32.90
32.80
32.90
32.90
32.80
32.80
32.80
32.90
32.80
32.80
32.80
32.80
32.70
32.70
32.70
32.70
32.70
32.60
32.60
32.60
32.60
32.60
32.60
32.60
32.50
32.50
32.50
32.50
32.50
32.50
32.40
32.40
32.40
32.40
32.40
32.40
32.30
32.40
32.40
32.30
32.40
32.30
32.30
32.40
32.30
32.40
32.40
32.40
32.40
32.40
32.40
32.40
32.40
32.40
32.40
32.40
32.40
32.40
32.40
32.40
32.40
32.40
32.40
32.30
32.40
32.40
32.30
32.40
32.40
32.40
32.40
32.30
32.30
32.30
32.30
32.30
32.40
32.40
32.40
32.40
32.40
32.40
32.40
32.40
32.40
32.40
32.40
32.40
32.40
32.40
32.50
32.40
32.50
32.50
32.50
32.50
32.50
32.50
32.50
32.50
32.50
32.50
32.50
32.50
32.60
32.60
32.60
32.60
32.60
32.60
32.60
32.60
32.60
32.60
32.60
32.60
32.60
32.70
32.70
32.70
32.70
32.70
32.70
32.70
32.70
32.70
32.70
32.80
32.70
32.80
32.80
32.80
32.80
32.80
32.80
32.80
32.80
32.80
32.80
32.80
32.80
32.80
32.80
32.80
32.80
32.90
32.90
32.90
32.90
32.90
32.90
32.90
32.90
32.90
32.90
32.90
32.90
32.90
32.90
32.90
32.90
32.90
32.90
32.90
33.00
32.90
33.00
33.00
33.00
33.00
33.00
33.00
33.00
33.00
33.00
33.00
33.00
33.00
33.00
33.00
33.00
33.00
33.00
33.00
33.00
33.00
33.00
33.10
33.00
33.00
33.00
33.00
33.00
33.10
33.00
33.10
33.00
33.00
33.10
33.10
33.00
33.10
33.00
33.00
33.10
33.00
33.00
33.00
33.00
33.00
33.00
33.00
33.00
33.00
33.00
33.00
33.00
33.00
33.00
32.90
33.00
33.00
33.00
33.00
33.00
33.00
32.90
33.00
32.90
32.90
33.00
32.90
32.90
32.90
32.90
32.90
32.90
32.90
32.90
32.90
32.90
32.90
32.90
32.90
32.90
32.90
32.90
32.90
32.90
32.90
32.90
32.90
32.90
32.90
32.90
32.90
32.90
32.90
32.90
32.90
32.90
32.90
32.80
32.90
32.90
32.90
32.90
32.90
32.90
32.80
32.80
32.80
32.80
32.80
32.80
32.80
