#DHT22 humidity(%)
37.50
44.60
47.50
50.20
52.70
55.20
57.40
59.40
61.40
63.50
65.20
66.80
68.30
69.60
70.80
72.00
73.00
73.90
74.70
75.50
76.20
76.80
77.30
77.90
78.40
78.90
79.30
79.60
80.00
80.30
80.60
80.90
81.10
81.40
81.60
81.90
82.10
82.30
82.50
82.70
82.80
83.00
83.10
83.30
83.40
83.50
83.60
83.70
83.80
83.90
84.00
84.10
84.20
84.30
84.30
84.40
84.50
84.50
84.60
84.70
84.80
84.80
84.90
85.00
85.00
85.10
85.20
85.20
85.30
85.30
85.40
85.40
85.40
85.50
85.50
85.60
85.60
85.70
85.70
85.80
85.80
85.90
85.90
86.00
86.00
86.00
86.10
86.10
86.10
86.20
86.20
86.20
86.30
86.40
86.40
86.40
86.50
86.50
86.50
86.50
86.60
86.60
86.60
86.70
86.70
86.70
86.70
86.80
86.80
86.80
86.90
86.90
86.90
87.00
87.00
87.00
87.10
87.10
87.10
87.10
87.20
87.20
87.20
87.30
87.30
87.30
87.30
87.40
87.40
87.50
87.50
87.50
87.50
87.50
87.60
87.60
87.60
87.70
87.70
87.70
87.70
87.80
87.80
87.80
87.80
87.80
87.80
87.90
87.90
87.90
87.90
87.90
87.90
88.00
88.00
88.10
88.10
88.10
88.20
88.20
88.30
88.30
88.40
88.50
88.50
88.60
88.60
88.70
88.80
88.80
88.80
88.90
89.00
89.00
89.00
89.10
89.10
89.20
89.30
89.30
89.30
89.40
89.40
89.50
89.50
89.50
89.60
89.70
89.80
89.80
89.80
89.90
89.90
90.00
90.00
90.10
90.10
90.20
90.20
90.20
90.20
90.30
90.30
90.30
90.40
90.40
90.40
90.50
90.60
90.60
90.60
90.60
90.60
90.70
90.70
90.70
90.70
90.80
90.80
90.90
90.90
91.00
91.00
91.10
91.20
91.20
91.30
91.30
91.30
91.40
91.40
91.40
91.50
91.50
91.50
91.50
91.60
91.70
91.70
91.80
91.80
91.80
91.80
91.90
91.90
91.90
91.90
92.00
91.90
91.90
91.90
91.90
92.00
91.90
91.90
91.90
91.90
91.90
91.80
91.80
91.80
91.80
91.80
91.80
91.80
91.70
91.70
91.70
91.70
91.60
91.60
91.70
91.60
91.70
91.70
91.70
91.70
91.70
91.70
91.70
91.70
91.70
91.70
91.80
91.70
91.80
91.80
91.80
91.80
91.80
91.80
91.80
91.80
91.80
91.80
91.70
91.70
91.70
91.70
91.70
91.70
91.70
91.80
91.80
91.80
91.80
91.80
91.80
91.80
91.80
91.80
91.80
91.80
91.90
91.90
91.90
91.90
91.90
91.90
91.90
91.90
91.90
91.90
91.90
91.90
91.90
91.90
91.90
91.90
91.90
91.90
91.90
91.90
91.90
91.90
91.90
91.90
91.90
91.90
91.90
91.90
91.90
92.00
92.00
92.00
92.00
91.90
91.90
92.00
91.90
91.80
91.90
91.90
91.90
91.90
91.90
91.90
91.90
92.00
91.90
