#DHT22 humidity(%)
32.20
30.70
30.10
29.40
28.70
28.20
27.60
27.10
26.60
26.20
25.70
25.20
24.80
24.40
24.00
23.70
23.30
23.00
22.60
22.30
22.00
21.70
21.40
21.20
20.90
20.60
20.30
20.10
19.90
19.80
19.60
19.40
19.30
19.10
18.90
18.80
18.60
18.50
18.40
18.30
18.20
18.00
17.90
17.80
17.60
17.50
17.40
17.30
17.20
17.10
17.00
16.90
16.80
16.70
16.60
16.50
16.40
16.30
16.20
16.20
16.10
16.00
15.90
15.80
15.70
15.70
15.60
15.50
15.50
15.40
15.30
15.30
15.20
15.10
15.10
15.00
14.90
14.90
14.80
14.80
14.70
14.60
14.70
14.50
14.50
14.40
14.40
14.30
14.30
14.30
14.20
14.20
14.10
14.10
14.00
14.00
13.90
13.90
13.80
13.80
13.80
13.70
13.70
13.70
13.60
13.60
13.50
13.50
13.50
13.40
13.40
13.40
13.30
13.30
13.30
13.20
13.20
13.20
13.20
13.10
13.10
13.10
13.00
13.00
13.00
12.90
12.90
12.90
12.90
12.80
12.80
12.80
12.70
12.70
12.70
12.70
12.60
12.60
12.60
12.50
12.50
12.50
12.50
12.40
12.40
12.40
12.40
12.30
12.30
12.30
12.30
12.30
12.20
12.20
12.20
12.20
12.10
12.10
12.10
12.10
12.10
12.00
12.00
12.00
12.00
11.90
11.90
11.90
11.90
11.90
11.80
11.80
11.70
11.70
11.70
11.70
11.60
11.60
11.60
11.60
11.60
11.50
11.50
11.50
11.50
11.50
11.50
11.40
11.40
11.40
11.40
11.40
11.30
11.30
11.30
11.30
11.30
11.30
11.20
11.20
11.20
11.20
11.20
11.20
11.20
11.10
11.10
11.10
11.10
11.10
11.10
11.10
11.00
11.00
11.00
11.00
11.00
11.00
11.00
11.00
11.00
10.90
10.90
10.90
10.90
10.90
10.90
10.90
10.90
10.90
10.80
10.80
10.80
10.80
10.80
10.80
10.80
10.80
10.70
10.70
10.70
10.70
10.70
10.70
10.70
10.70
10.60
10.60
10.60
10.60
10.60
10.60
10.60
10.50
10.60
10.50
10.50
10.40
10.40
10.40
10.40
10.40
10.40
10.40
10.40
10.40
10.40
10.40
10.40
10.30
10.40
10.40
10.30
10.30
10.30
10.30
10.30
10.30
10.30
10.30
10.30
10.30
10.20
10.20
10.20
10.20
10.20
10.20
10.20
10.20
10.20
10.20
10.20
10.20
10.20
10.20
10.20
10.20
10.10
10.10
10.10
10.10
10.10
10.10
10.10
10.10
10.10
10.10
10.00
10.00
10.00
10.00
10.00
10.00
10.00
10.00
10.00
10.00
10.00
10.00
9.90
9.90
9.90
9.90
9.90
9.90
9.90
9.90
9.90
9.90
9.90
9.90
9.90
9.90
9.80
9.80
9.80
9.80
9.80
9.80
9.80
9.80
9.80
9.80
9.80
9.80
9.80
9.80
9.70
9.70
9.70
9.70
9.70
9.70
9.70
9.70
9.70
9.70
9.70
9.70
