#DHT22 humidity(%)
25.50
24.30
23.60
23.00
22.40
21.90
21.30
20.80
20.30
19.90
19.50
19.20
18.90
18.60
18.30
18.00
17.70
17.50
17.20
16.90
16.70
16.40
16.20
15.90
15.70
15.50
15.30
15.10
14.90
14.70
14.50
14.30
14.10
14.00
13.80
13.60
13.50
13.30
13.20
13.00
12.90
12.80
12.60
12.50
12.40
12.20
12.10
12.00
11.80
11.70
11.60
11.50
11.40
11.30
11.10
11.00
10.90
10.80
10.70
10.70
10.60
10.50
10.40
10.30
10.30
10.20
10.10
10.00
9.90
9.80
9.70
9.70
9.60
9.50
9.50
9.40
9.30
9.30
9.20
9.10
9.10
9.00
8.90
8.90
8.80
8.80
8.70
8.60
8.60
8.50
8.50
8.40
8.40
8.30
8.30
8.20
8.20
8.10
8.10
8.00
8.00
7.90
7.90
7.80
7.80
7.70
7.70
7.60
7.60
7.60
7.50
7.50
7.50
7.40
7.40
7.30
7.30
7.30
7.20
7.20
7.20
7.10
7.10
7.10
7.00
7.00
6.90
6.90
6.90
6.80
6.80
6.80
6.70
6.70
6.70
6.60
6.60
6.60
6.50
6.50
6.50
6.50
6.40
6.40
6.40
6.30
6.30
6.30
6.30
6.20
6.20
6.20
6.20
6.10
6.10
6.10
6.10
6.10
6.00
6.00
6.00
6.00
5.90
5.90
5.90
5.90
5.90
5.80
5.80
5.80
5.80
5.80
5.80
5.70
5.70
5.70
5.70
5.70
5.70
5.70
5.60
5.60
5.60
5.60
5.60
5.60
5.60
5.60
5.50
5.50
5.50
5.50
5.50
5.50
5.50
5.50
5.50
5.40
5.40
5.40
5.40
5.40
5.40
5.40
5.40
5.40
5.40
5.40
5.40
5.30
5.30
5.30
5.30
5.30
5.30
5.30
5.30
5.30
5.30
5.30
5.30
5.30
5.30
5.20
5.20
5.20
5.20
5.20
5.20
5.20
5.20
5.20
5.20
5.10
5.10
5.20
5.10
5.10
5.10
5.10
5.10
5.10
5.10
5.10
5.10
5.10
5.10
5.10
5.00
5.00
5.00
5.00
5.00
5.00
5.00
5.00
5.00
5.00
5.00
4.90
4.90
4.90
4.90
4.90
4.90
4.90
4.80
4.80
4.80
4.80
4.80
4.80
4.80
4.80
4.80
4.80
4.80
4.80
4.80
4.80
4.80
4.80
4.80
4.80
4.70
4.70
4.70
4.70
4.70
4.70
4.70
4.70
4.70
4.70
4.70
4.70
4.70
4.70
4.70
4.70
4.70
4.70
4.70
4.60
4.60
4.60
4.60
4.60
4.70
4.60
4.60
4.60
4.60
4.60
4.60
4.60
4.60
4.60
4.60
4.60
4.50
4.60
4.60
4.60
4.60
4.60
4.60
4.50
4.50
4.50
4.50
4.50
4.50
4.50
4.50
4.50
4.50
4.50
4.40
4.50
4.50
4.50
4.40
4.50
4.40
4.40
4.40
4.40
4.40
4.40
4.40
4.40
4.40
4.40
4.40
4.40
4.40
4.40
4.40
4.40
